21

H -2.536604404 1.733622551 -1.051448584
H -2.868881702 -0.001401041 -0.816760480
C 1.110704184 1.091760874 -0.164578617
C -0.140176103 -0.834203422 -0.799106479
C -2.132725954 0.794878006 -0.677224100
H -1.969349146 0.903953493 0.404071033
H 0.244948715 2.426185369 -1.623886704
N 1.052247167 -0.898361862 1.336508155
C 2.007897615 -0.408696383 2.297513723
C -0.816448450 0.437761694 -1.382879853
H -0.716094136 -2.148923397 0.610235274
H 0.507699192 -1.219450474 -1.583788157
C 0.232887670 1.478090644 -1.127591133
H 2.543644667 -1.258713365 2.723746061
C 0.767765403 -0.248735115 0.282804847
H -1.013336658 0.334624261 -2.453992128
H 1.511564374 0.107813008 3.138260841
H 2.725176811 0.276528656 1.866582155
H -1.378204107 -2.449337482 -0.943620443
N -1.025393724 -1.820333481 -0.286889166
H 1.892679691 1.702937603 0.252043396
