15

O -0.662491024 -1.812833548 -0.397394300
H 1.515547276 -1.711608648 -0.130598471
H 0.787389934 1.711547494 -0.838066816
H -2.082020760 -0.197368488 -0.901580989
H -0.187507853 2.209821463 0.540321112
H 1.447452188 1.586256146 0.804318547
C -0.009834809 0.077747956 0.308031589
C -1.028642297 -0.427260697 -0.783534944
C -0.449335277 -0.243527755 1.715627909
H -1.312360764 0.360392392 2.077200413
O 0.484997362 -0.353410482 -2.881803274
C 0.660699248 -1.131612539 -0.409024954
C 0.549582064 1.480263233 0.196211591
O 0.115707830 -1.018772602 2.454920053
C 0.170816675 -0.529633880 -1.754627585
