21

N -1.976808310 -0.675045907 0.190947816
C -0.745353162 -1.298502088 0.753293514
C 2.843567610 2.054975748 0.115773238
H 2.564643621 2.619914293 1.014321923
H 0.487848490 -0.876854539 -1.019190311
H 3.711413145 1.421666384 0.379490227
H -3.105211973 -2.367147207 -0.315071404
H -1.245923877 1.332844377 0.241995335
H -0.660744429 -2.372187853 0.592744648
H 0.954616070 0.840002775 1.459412217
H 2.081860304 -0.370201975 0.824780762
C 1.290644050 0.335749060 0.530872464
H -1.378691792 0.677771628 -1.407482147
H -3.441492319 -0.936991751 -1.289425731
O 1.793526173 1.287862420 -0.374403715
H -0.668287337 -1.097270250 1.833343983
C -1.161599040 0.425015390 -0.365656137
H -1.974562883 -1.883706093 -1.597642899
C -2.648127079 -1.497601867 -0.801650345
C 0.130403906 -0.378534913 -0.107955031
H 3.148277998 2.758242846 -0.658497870
