15

H -1.136550188 -1.847842813 1.818387270
C -1.811807632 -1.050501823 1.509085059
N 0.599224269 0.094163328 0.743171453
H -1.695231795 -0.230656117 2.221627474
H 2.918338776 1.444077373 -1.303930402
H 1.047390819 1.010298848 -2.933447361
N -1.526721597 -0.602592051 0.167093307
C 1.978103876 1.003243327 -0.981684029
C -0.335977733 -0.072214864 -0.215573728
C 1.739519000 0.631145120 0.323881060
H 2.495652676 0.773028731 1.079842329
H -2.176400661 -0.747792244 -0.574202776
N -0.210935012 0.239247024 -1.515699625
H -2.831300735 -1.407637954 1.543991089
C 0.946696460 0.764034390 -1.882541299
