25

H 2.073874950 0.786092699 -0.988769114
H 1.279106379 2.320562601 -1.202657819
H 0.598340511 0.901293099 -2.992841959
C 1.091771007 1.278369784 -0.945380807
H -0.513829291 -1.162205815 -2.847988605
C -1.857972264 -0.586138904 0.020677278
C -0.592851162 -1.063430905 0.689458609
H -0.736826956 -1.903002620 1.358975291
H -0.372494012 1.739482522 0.598997653
H 0.420769006 -0.961935699 3.208673000
H -1.137330055 -2.432432890 -0.929672778
C 0.522497833 -0.149927795 1.176988840
C -0.851058006 -1.400611997 -0.766027808
C 0.593354642 1.240577817 0.510662556
H -0.794538856 1.173781395 -1.992275119
C 0.421922028 0.007625782 2.703071356
H 1.476634741 -0.653645754 0.965268493
H 1.265601754 0.586617470 3.093564987
H -1.957573771 0.472861230 -0.206174165
C 0.168385416 0.674322784 -2.007393122
H 1.278434873 1.851732016 1.100748062
H -0.500457346 0.529919028 2.985105038
H -2.791698456 -1.061640263 0.305359751
H 0.941068113 -1.343939066 -1.919847488
C -0.025130458 -0.844327271 -1.918522239
