21

H 0.546958804 -2.506286621 0.695562601
H -1.096599340 -0.399979174 -1.453017354
H -1.265075684 1.371386766 -1.438122392
C 1.518203139 -0.322282523 -1.529953361
O -0.087699100 -1.807856321 0.528114378
H -2.297896862 -0.516163766 0.783691823
H 2.338677883 0.520049095 0.289115161
C 1.838463068 -0.393408477 -0.023893137
H -0.002666989 1.486806273 0.674616694
C -0.449162722 0.527225196 0.383561999
H 2.511940718 -1.232505322 0.180671751
H 1.108024955 -1.284838676 -1.845347404
H -2.281121254 2.279181480 1.089520216
H 2.437510729 -0.122396484 -2.095983982
O -2.676207304 1.459297776 0.782184184
H 0.763990164 -0.476031095 1.854842186
C 0.545745671 -0.566458166 0.788192987
C -1.802120328 0.402646750 1.101218462
C -0.620776951 0.534311235 -1.139063239
O 0.615751088 0.721098602 -1.805093765
H -1.645940065 0.326202810 2.179182768
