15

H 0.533043861 1.657144785 -0.097500503
C 1.106426001 -1.492470384 -0.590353072
C -0.522405744 -0.106333554 -0.011828688
N -0.342814267 -1.315860629 -0.388733625
C -1.892082572 0.453203797 0.268307716
H 2.544958591 -0.112902381 0.373811781
N -1.933013558 2.177771091 2.234542847
C -1.909099460 1.404402137 1.380122900
H 1.284476757 -1.892991662 -1.604249239
H 1.475940824 -2.238329172 0.116742373
N 0.607958257 0.680106878 0.116617039
H -2.544994354 -0.383911222 0.497647524
H -2.289673567 0.948349416 -0.619124532
H 2.139953136 0.318160415 -1.303674936
C 1.741326094 -0.096339546 -0.372327656
