14

H 0.425260872 0.853058040 -2.425615788
C -0.017560801 0.011401542 -0.771334767
N -0.966906786 -0.607424974 1.045695782
C 1.205403805 -0.024728049 0.136190191
H -1.735381842 -1.261839986 1.109625936
H 0.366949379 -2.156629562 0.100745164
C -1.268662691 0.445301473 0.016079366
C 0.125349477 -1.115574598 0.211829156
H -2.166466713 0.219040826 -0.557795703
H 2.084560871 -0.362831861 -0.397686124
C 1.463087559 0.889774263 1.204972506
O 0.102941640 -0.000749691 -2.139557838
H -1.287916422 1.459548116 0.416915238
N 1.669341445 1.651654601 2.049937010
