19

H -2.457135916 0.285897583 -0.208127737
H 0.983215153 -1.351728559 -1.143407941
C 0.603424430 0.448354661 -0.039834242
C -0.539499879 1.051237583 -0.793551803
C 0.505252361 -1.043528080 -0.211666152
H -1.243330479 -2.399540424 1.280215263
H 2.824266911 0.647057414 0.155840188
C -1.016538024 -1.317927003 -0.315300584
H 0.967034578 -1.605297446 0.601949394
H 0.402623266 2.005368471 1.568674445
H 1.955408931 2.156704187 -0.409023583
C -1.635240674 -0.011109721 -0.851633489
H 1.222812891 0.454105347 2.093326569
O -1.589041948 -1.561836362 0.968209922
H -2.025497198 -0.100003205 -1.853691578
H -1.224481463 -2.160196543 -0.978148043
O -0.586791515 2.157116175 -1.261818886
C 0.957132280 1.123824477 1.290118456
C 1.896385670 1.221501470 0.107869402
