14

O -1.404201269 1.413824439 1.792984009
O 0.840324283 -3.393721104 -0.849494219
C 0.330549896 -2.459117174 -0.322792023
H 0.359266460 -0.895877361 -1.777830005
H 1.683318615 -0.837909043 -0.627591074
C -0.764401317 2.053938150 0.816992342
O -0.145219132 -0.167582005 0.102578394
H 1.101340413 1.488703012 -0.074343309
H -1.212523460 0.469342500 1.811773181
O -0.782944083 3.259496212 0.673029184
H -0.391723275 -2.555149555 0.507361591
H -0.273498386 1.455790281 -1.172720313
C 0.612708271 -1.022742987 -0.717380881
C 0.047003169 1.191004276 -0.162566796
