23

H 0.014416412 1.304749727 -1.752125025
H -0.826679826 0.924033701 1.950066090
H 3.260079861 -0.422082484 -0.000145720
C -0.835390687 1.209843874 0.900980711
O -3.224654198 1.313853025 1.155332327
H 2.260109186 -0.165128663 -1.436331034
H 0.901787281 -2.288758039 -0.675538003
C -0.466051191 0.360728234 -1.466114283
H 1.296776295 -0.165327445 1.475267172
C -2.230255604 1.645063281 0.546236217
H -1.190950274 -1.419432998 1.397664785
H -2.312756538 2.329782486 -0.326595485
H 2.503083706 1.146637559 -0.278602272
C -0.794070363 -1.368671417 0.386441201
H -1.525086522 0.433648258 -1.729206920
H -0.173031569 2.093118429 0.796652973
H -1.515897989 -1.811267495 -0.296973705
C -0.294493288 0.078461483 0.029908452
H -0.025924688 -0.427075744 -2.075642347
C 1.141350865 -0.401250541 0.413917542
H 1.010906458 -2.571871996 1.060976028
C 0.667469680 -1.871516466 0.298337609
C 2.359262943 0.072464280 -0.374506265
