19

C 0.376384854 -0.645306408 -1.655952692
C 1.505893946 0.475707978 0.176003799
O 0.775473297 1.517589569 -0.472598881
H 2.086000204 0.799654067 -1.976581573
H -0.463788956 1.660307288 1.501945972
H 0.934846342 -1.454302192 -2.123937845
O -1.816084862 0.663517952 -0.499540210
N -0.193738967 -1.111296892 -0.382043660
H -0.928673923 -0.995539725 2.260864735
C -1.420213223 -0.508838594 0.169936180
C 1.336923242 0.470570683 -1.280965924
H 2.431084394 0.789715886 0.672615767
H -0.413006634 -0.331438333 -2.326708317
H 1.267035961 -1.360878468 1.250106454
C -0.678757250 -0.256481439 1.509408116
H -2.265756607 -1.204672694 0.200175017
H -2.415467501 1.130332112 0.082703568
C 0.628707170 -0.625192761 0.763106823
O -0.746861756 0.986552298 2.131462812
