19

H 1.867186308 1.370776534 1.511482358
H -0.872682869 1.136357665 -1.802752256
O -0.704059958 -1.495533228 -1.912860751
C -0.297334850 -0.783505261 -0.780404508
H -0.103028730 2.396611452 0.407648116
C 1.064701915 -1.237577558 -0.291266084
C 0.020463603 1.313171029 0.381695062
H 1.016793728 -2.277139425 0.057431497
C -0.602765560 0.654826045 -0.864347935
H 1.735472322 -1.212147474 -1.158953428
C -1.443426013 -0.242195353 0.046010770
H -1.074158430 -2.327836514 -1.619823694
H -1.773680568 1.167393446 1.658917189
C -0.982755661 0.521769404 1.272695661
H -0.550651312 -0.052205998 2.092250824
H -2.433020830 -0.630798697 -0.133148044
H 2.086601496 1.254383206 -0.249907508
O 1.581121802 -0.474867672 0.783343375
C 1.465223670 0.918518484 0.601989269
