18

N 0.718901634 0.360886246 -1.208266973
H -0.096755244 -1.498205423 -1.992267489
C -0.165263429 -0.804573655 -1.144036174
C -0.701213717 0.532581151 -1.445860028
H 2.363074303 0.577179253 0.044109255
H -1.752973557 2.067932129 -0.882181227
C -0.583830357 -0.752039552 1.442588568
H 0.030285545 -2.536655426 0.229515493
O 0.994747579 1.876911759 0.666823804
H -1.279486418 0.068306789 1.338495731
H 1.619323611 -1.005180478 1.676968098
H -0.942467749 0.765017509 -2.474909067
O -1.569632649 1.176778555 -0.549603760
H 0.042358067 1.988033295 0.568565369
C -0.064111091 -1.458258867 0.222543955
H -0.762059629 -1.378003120 2.308350086
C 1.286836743 0.602338910 0.163242653
C 0.862266243 -0.583049476 1.035921693
