18

C -0.654886723 -0.108982056 0.328141510
C -1.965601206 0.016953886 1.073803544
C 0.729781032 -0.031778045 0.887063861
H -1.890984058 0.789283574 1.831187725
C -0.575345516 -1.113744736 -0.786358476
H -0.093136735 2.072422028 -1.662414193
O 0.722884476 -1.494238138 -0.965512276
C 1.549830675 -1.059155226 0.110269316
O -1.471823692 -1.551447749 -1.448150873
H 2.464811087 -0.642081499 -0.321593642
N 0.166231126 1.077936411 0.161294267
H 1.502718806 2.237587690 -0.918780327
H 1.810204387 -1.913724184 0.745805383
H 1.068753362 0.732890189 -1.778474808
H 0.943999767 0.110082112 1.933981419
C 0.694182336 1.540513515 -1.120858788
H -2.234409571 -0.931476057 1.551084995
H -2.767209291 0.268958539 0.379511327
