16

C 0.362430155 -0.309151590 -1.127424240
C 0.909629762 0.672347188 -2.157538414
H 0.990024269 0.200537503 -3.143440008
H 0.293124318 -1.523749352 1.476318836
H 1.899995089 1.024854898 -1.879993558
H 1.012313485 -1.179150105 -1.066081643
H -1.300011635 -0.811724901 3.261355400
C -1.248777151 -0.249603540 2.336875439
H -1.551185727 0.781763315 2.413345098
H -0.415216893 1.184550762 0.230932802
C -0.333382487 -0.661385238 1.279783010
C 0.231851384 0.303245157 0.275232911
H 1.224522948 0.635264039 0.615497887
O -1.722336292 -0.945482075 1.176462054
H -0.616605878 -0.664060771 -1.433378100
H 0.263624281 1.541744590 -2.257947683
