20

C -0.993534505 -1.713132381 0.914254308
H -0.910059452 -2.224459410 -0.062175486
H -0.280759126 -2.741107941 2.778093338
H 1.442292333 -2.638790131 0.520776987
C -0.216509506 2.387668610 -1.603794575
H 1.752119303 1.604724407 -1.066903949
O -0.277777076 1.626767635 -2.762639999
H 0.257061571 2.100256920 -3.418520451
C 0.213588759 -2.339017391 1.831343889
H -0.886211991 0.367515266 1.558950067
H 1.326433182 3.122917175 -0.132893100
N -0.725872993 -0.275638014 0.786829710
N -0.296285808 1.669425726 -0.340937853
C -0.448739797 0.289390445 -0.373871297
H -0.265178680 -0.312056303 -1.230957627
H 1.031369805 -1.636099339 2.094924927
H -0.769542992 3.313268900 -1.613580704
N 1.038448811 -2.996901989 1.561541319
H -1.972469926 -1.898452044 1.284245253
C 0.981628060 2.293719053 -0.724684596
