16

H 1.239750028 -3.198993444 0.310109913
H 0.281077236 -3.383296728 1.774847507
O -1.771392703 0.913350940 -1.159110785
H -1.952746749 0.922214568 0.925436854
H -0.399447203 -3.854408979 0.214359269
C -0.943189025 1.973527789 -1.403829575
C -1.199943066 0.670103431 0.191991031
H 3.421593666 1.220125318 -0.290822744
O -0.906132817 2.658027887 -2.357222795
C 2.388792038 1.422983646 -0.211200759
C -0.280302435 -1.762084723 0.540860415
C 0.238117829 -3.116495848 0.711458027
C -0.689695120 -0.654857218 0.358357370
C -0.200827733 1.866797566 -0.053783942
H -0.438621938 2.712344885 0.575127780
C 1.212967634 1.610661626 -0.126577422
