22

H -1.271014452 2.486730099 0.498226851
C 0.336557984 1.224417806 -0.238057375
H -2.249888182 -1.996465683 0.808458090
C 1.610405326 0.405504107 0.163178429
H -0.999765813 -2.762164354 -0.122914873
H 2.313440800 0.848993063 0.852028966
O -1.669148088 0.030111199 -1.266231060
H 2.252826452 0.366125643 -1.924060583
C -0.436271816 -0.833100140 0.734109342
H -0.876884282 -2.762259722 1.619475961
H -0.661882579 -0.278944641 1.641186714
H -0.316872716 1.776146293 1.792257547
N 2.030503035 -0.149522305 -1.097349405
C 0.805985510 -0.930985034 -0.992282331
N 1.036422014 -1.003658175 0.512414098
H 0.680226803 -1.845165014 -1.561132431
H 0.550533950 1.791482568 -1.130329967
H -1.561645389 0.533482671 -2.079495668
H 0.340557963 3.103235960 0.829107165
C -0.471900105 -0.050221808 -0.590581656
C -1.181617737 -2.156999350 0.761340857
C -0.260568380 2.203256607 0.790651441
