17

H 0.011228480 -2.024322033 1.268671393
N -0.429667473 -1.115593553 1.320988655
H -2.612348318 1.432973504 -1.291694641
H 3.265311718 -0.171394587 0.147768050
N 1.371959925 0.896245658 -0.982993603
H 2.442188740 -1.730928063 0.317390114
N 1.230759144 -0.036203071 -0.021311717
H -2.804290771 -0.232653186 -0.749485135
H 2.373475313 -0.545872509 1.646636367
H -0.037228309 2.039376020 -2.001521111
H -2.712162018 1.073660135 0.424157917
C -0.821302474 0.586801648 -0.497791678
C -2.304506540 0.708534300 -0.519788086
H -1.431023955 -1.257011652 1.348538160
C -0.067846395 -0.247247919 0.294525027
C 2.388431549 -0.661861479 0.554917991
C 0.137021363 1.285496950 -1.259007812
