18

H 2.124544859 -0.764193237 -0.281204551
H 0.447437674 0.473876536 -2.441744804
C 0.103489101 -0.302644134 0.529224813
H -2.373618841 0.565374196 -1.252076268
C 0.217576161 1.162018538 -1.625649929
C -0.564552963 1.002575397 0.874817848
H -0.356320381 2.010735750 -2.034420490
H -0.831979334 -2.316828251 0.329288661
H 2.146219730 -0.247806981 1.422219157
H 0.053269930 1.845522881 1.105114460
C -0.255906761 -1.697896004 1.021569252
C 1.548536062 -0.742844880 0.639451802
O -1.759354711 -0.134703785 -0.984892905
C -0.577913880 0.468835056 -0.551340878
O 1.140669465 -2.062198639 1.053454638
H -1.498986483 0.942378581 1.417853594
H -0.722797275 -1.756080627 2.014789581
H 1.159687281 1.553879261 -1.236454248
