19

H -1.737093806 -0.739670753 -0.685731888
N 1.951128364 -3.310401917 3.233541250
H 0.992264211 1.109338164 -2.798548698
C 0.881477416 -1.060260177 2.435293913
C -1.117341161 0.145911768 -0.661753893
C 0.228766412 1.716479301 -2.309275627
H -0.899551451 -1.561271906 1.444265246
C 1.479878664 -2.315906763 2.888265133
H 0.535498798 -1.867061615 0.487259716
O 1.027653098 -0.040316660 3.074274063
H 0.680104613 2.184017420 -1.417932391
H 0.841275036 0.579404593 0.138719276
H -0.064111814 2.504708767 -2.987980366
O -1.850064516 1.353880048 -0.957969487
C 0.066929966 -1.130167723 1.158065557
H -1.455069900 0.415647715 -2.803597689
C -0.952147782 0.862211823 -1.941932201
H -0.480882704 0.932706416 1.223075032
C -0.128713414 0.220750853 0.481963992
