17

C -1.592214346 -0.735320985 1.074012041
N -0.361495316 -0.558964908 0.567207694
H -0.047371097 -0.921599627 -1.523261189
C 0.216000289 -0.215306550 -0.732387543
O 0.702453613 1.562220335 -2.243895531
H 2.181449890 0.432680845 0.038629301
H 0.961007595 -2.107578516 1.248817205
H -1.592334986 1.544193387 -0.061353762
N -0.996130526 1.911997199 -0.796919286
H 2.246187210 -1.183121324 -0.677167475
O -1.825123906 -0.991282940 2.230994225
C 0.003908968 1.171640515 -1.338255405
H -1.195274234 2.789468288 -1.183812261
H 1.150801063 -0.566084027 2.092228413
C 0.906398356 -1.027031898 1.130331039
C 1.623362422 -0.479685664 -0.126830652
H -2.381625414 -0.626224577 0.301662654
