16

N 1.160173059 0.803401530 1.321230531
H -0.902684033 1.803766489 -1.793918967
H -1.755447507 -1.361429095 -0.931086302
O -0.944398820 -1.485828519 1.017862320
H -0.859643400 1.200069189 1.549112797
H 2.755302906 -0.455780208 1.216212034
C -0.111411609 1.245038629 0.744564950
H -0.021424100 2.284095764 0.460826516
H 0.411289036 -0.760211766 -2.041324615
O 1.534904599 -0.866252303 -0.317604631
C -0.961115897 -0.993342459 -0.284987658
C 1.820629597 -0.124114715 0.796256602
C 0.331312597 -0.609802365 -0.976444483
H -0.406056851 -2.283057690 1.021711946
C -0.609343469 0.456831694 -0.444472045
O -1.442086101 1.146615863 -1.337938905
