20

H -0.239867672 -1.440955520 1.743205547
N 0.993475914 0.138790563 0.268525094
C 0.126729250 0.749591351 -0.724573374
H -0.193927735 2.536122561 0.463857144
H 2.256475210 -1.477101564 0.541849673
C 1.244718671 -1.290078640 0.180564240
H -0.469744444 2.769809008 -1.267587423
C -1.958243608 0.406556368 0.631471395
N -2.480134010 0.593992412 1.652402639
H 0.732781231 -2.915265083 1.515105247
H 1.243972301 -1.643589854 -0.860247135
C -1.316850185 0.222872108 -0.656525254
H 0.466300219 0.526781917 -1.740254164
H 1.173883200 2.646826506 -0.639011443
H -1.918948531 0.730976045 -1.413745403
H 1.843400836 0.659178913 0.352857977
C 0.230676904 -2.107117176 1.009327888
H -1.345351577 -0.844344616 -0.914299130
C 0.160171315 2.270152330 -0.530871272
H -0.549516737 -2.533197641 0.387948215
