17

H -1.209807634 -1.501446366 2.374320745
H 0.956709445 2.002665043 -0.355512381
C 0.651154459 -1.479071617 1.130168080
N -2.550227642 1.684362054 -0.654755890
H 1.303205490 -1.518050909 1.988880873
H 1.324976444 2.056949139 -2.648167610
H -0.413488060 -0.571574211 -1.204065442
C -0.139954492 -0.221265212 0.895286083
H -1.464898825 -1.987667561 0.634203255
O 0.630684257 1.472889066 -2.347910404
C -1.571144104 1.066485763 -0.624755800
H 1.024732947 -2.013839245 0.263391614
C -0.330314994 0.280851424 -0.525647342
H 1.771140814 0.511151135 -0.893762171
C -0.832725704 -1.468658447 1.348241329
H -0.014760977 0.566635072 1.629943252
C 0.864718378 1.119584680 -1.009857416
