15

C 0.445129216 -0.275384665 -0.289517939
N -0.899688184 -0.575896978 -0.714469075
H 0.976724863 1.857577324 -0.094505817
C 0.570712209 1.162487268 -0.840757012
H -0.066867031 0.285013556 1.713369370
H 0.484432995 -1.845675468 2.498784065
H 1.181225061 1.213323355 -1.739982605
H -1.373683214 -1.412594914 -0.417645127
H 1.655634642 -0.065383561 1.470213175
H 1.167835116 -0.930101871 -0.777395308
C -1.636013865 0.519213319 -1.081143975
O -0.755466640 1.577096462 -1.166570067
O 0.400116175 -1.730132937 1.548821449
C 0.638734758 -0.384407014 1.212011218
O -2.788825750 0.604866266 -1.321212530
