20

N -0.872950852 0.443818152 1.022159934
H -1.033468366 2.736538887 -0.291535914
C -1.626668334 -0.166109949 -0.064251930
H 2.521970749 -0.145963311 -0.797542751
C -0.267449230 2.114786386 -0.759749651
C 1.797028661 -0.908501625 -0.507919014
H -0.928640604 -0.428737611 2.898393631
O -1.182238221 -2.468906879 -0.914374888
H 0.666169524 0.159246340 2.407394409
H 0.697495162 2.536130428 -0.499178678
H 2.071257830 -1.832679629 -0.994446874
H -0.380847543 2.181705475 -1.847423673
C -0.220672756 -0.351035058 2.067255020
H 0.042527691 -1.366422415 1.752389193
C -0.876877248 -1.349005461 -0.635234058
C 0.393485934 -0.495733887 -0.919667900
H 1.884206533 -1.060021043 0.563193500
H -2.675471306 0.069105901 -0.182194889
C -0.379195064 0.693680167 -0.293702096
H 0.370337546 -0.361895263 -2.003563404
