19

H -0.940974474 1.944139719 0.364742041
H 2.569269657 -2.248780727 -0.091224872
H -0.366995603 -0.962567687 -1.980703712
C 0.029894046 0.102574214 -0.030942740
H -1.815078735 -0.528457224 1.955555797
C 0.992132843 0.570909500 -1.100074887
C 0.675103247 -1.160766959 0.520903111
C -0.724044323 1.003562689 0.890564024
C -0.353139967 0.002444640 -1.500183821
H -2.537405491 1.079293370 2.094517469
C 2.113812923 -0.411806822 -1.135830998
C 1.929657340 -1.393466353 -0.261183590
H 2.939547777 -0.310484052 -1.818805933
H -2.705321312 0.154262170 0.600736380
C -2.037772894 0.388234437 1.418445468
H 1.191359878 1.623379946 -1.273261309
H -0.096157394 1.275361300 1.735680461
O 0.253779382 -1.823826671 1.434477687
H -1.117666721 0.695994198 -1.823410392
