20

H -0.708670974 2.708960295 -2.679014683
N 0.808690488 -2.137350559 1.359529018
H 0.451662153 -3.847403526 2.528799772
C -0.457343936 0.791172385 -0.630579531
C 0.821533501 -3.561240673 1.547779441
C -0.148618042 2.290430784 -0.616564512
H -0.373218328 2.685447454 0.384608597
H -0.711800396 4.132565498 -1.643206477
C -0.938664913 3.063229084 -1.673695922
C 0.305443555 0.021775011 0.408498704
H -2.009080887 2.950538158 -1.527938366
H 1.389739156 -1.534473419 1.925590873
H 0.152991921 -3.987985611 0.801222801
H 0.917985976 2.449102879 -0.763259053
C 0.074813291 -1.502176881 0.416248024
H -1.516612768 0.592251003 -0.483325034
H -0.240631208 0.352711409 -1.606633902
H 1.819127679 -3.969038010 1.404594064
O 1.064620972 0.519407690 1.208751440
O -0.701967180 -2.017922401 -0.361404926
