19

C -0.186112151 1.823943734 -2.378296852
H 1.874958634 0.357227176 -1.449092507
C -0.555304468 1.075126886 1.191774249
N -0.829373896 1.458096385 -0.183336288
C 0.898824275 -0.071574785 -1.220913291
H -1.149513960 1.732896090 1.844575286
H -0.271025926 -2.390946627 1.078269005
H 0.493524790 1.300878167 1.417591810
C 1.005597472 -1.059266210 -0.045798756
H 0.612869442 -0.634354353 -2.120667934
H -1.066366553 -1.582558155 -0.238779247
C -0.874166667 -0.388039976 1.555494905
H 1.656477094 -0.650291562 0.727488041
N -0.220008001 2.390404701 -3.386186123
C -0.351362526 -1.437099934 0.557366490
H 1.501618981 -1.949577928 -0.412363023
C -0.104042314 1.090121031 -1.132105708
H -1.967098355 -0.504193485 1.648045301
H -0.469495595 -0.560790956 2.546935558
