13

C -0.333572835 -0.085848577 -1.567080498
H -2.009882689 -0.887597024 -0.427212864
H 2.172062635 1.002382636 0.165649086
C -1.072289944 -0.380770266 -0.272936523
C 0.016705792 0.695758045 1.027015686
O -1.207373381 0.924446702 0.333742112
C -0.053944394 -0.817622542 0.836694896
H 0.157326356 1.265127897 1.932497382
O 0.829131246 0.599282563 -1.311852932
O 1.285802364 -0.908285499 0.368854970
O -0.693231106 -0.307095975 -2.676395178
C 1.236490250 0.482519060 0.043018237
H -0.327224314 -1.582297087 1.548005342
