15

H 0.419988066 -1.458596945 3.481534958
H -1.907183409 0.725284874 -0.617438018
N 1.333217263 -1.142253876 1.585623384
H -0.749567926 1.835313082 -2.648970604
C 0.029625265 0.476418167 -1.367401481
N -0.758629978 -0.447998524 2.005886555
H 0.566139638 1.030201912 -3.211353779
N -0.956656098 0.598526835 -0.378092796
C -0.449612230 -0.102053545 0.709510565
N -0.264357716 0.959056616 -2.649614334
H -1.638251662 -0.365394831 2.478130341
C 0.376486003 -1.080209494 2.467201948
H 2.049253941 -0.338488102 -1.438496590
C 1.136033177 -0.154440850 -0.887495637
C 0.813515484 -0.535364985 0.470976144
