19

C -1.434444427 -0.278281599 -0.332852095
C 0.565972865 -0.351118416 -1.180388212
C 0.845266879 -1.754105091 1.576168299
H -1.942463398 -0.517516434 -1.257490635
H 1.410269260 1.360422254 0.789907515
C -0.536322296 2.063705683 -1.278345346
H 1.907201529 -1.888824224 1.409688115
H -2.118686438 -0.131048068 0.495164365
O 0.057938624 -2.395968437 0.522147655
H 1.644837976 -0.284454048 -1.132770300
H 0.218576372 -0.601179361 -2.169134378
H -0.169247732 1.591454268 1.545593262
C -0.180545613 -1.083256841 -0.009654786
H -1.041135073 1.936837196 -2.257008314
O -0.232591882 3.165143728 -0.894061208
H 0.583329380 -2.113932848 2.585127354
C -0.293750316 0.801783144 -0.523081303
C 0.417316884 0.931162477 0.887285173
N 0.298478037 -0.450823605 1.223704815
