15

H -0.048421953 -1.900408030 -0.842585385
C 0.477888465 0.938128650 0.581137598
H 1.434324503 -0.956712604 -1.033228517
H -2.988643646 0.254274964 -1.711098790
N -1.473721504 0.625879705 -0.723084152
H 1.312656164 0.664777994 2.559031725
C 0.356636107 -0.944535255 -1.184739470
H -0.175587460 -0.236468419 2.296234608
H 0.145363629 -0.889728367 -2.257857323
O -2.138235569 -0.184367508 -1.658093214
H 1.418058395 1.300082207 0.175417811
C -0.292660952 0.202178210 -0.468872845
H -0.110738486 1.825789452 0.867076218
H 1.334007859 -0.796345890 1.574991107
C 0.749074101 0.097454891 1.825670481
