21

C 0.596402407 -0.296525568 -0.869730175
H 2.902425766 -1.108097672 0.660784125
O -1.734472752 2.625343084 -0.460074276
H 1.451185465 0.382243037 -1.020827532
C -0.713005543 0.498115033 -0.807387114
H 2.015441895 -2.522418499 1.261283159
C 0.009314993 -0.943458259 1.427242160
H 0.246715665 2.422682524 -0.972606599
C -0.507089913 1.935134530 -0.341431797
N 0.821689367 -1.077322006 0.338443428
H -1.667641878 3.459501266 -0.015027002
C -1.718805552 -0.230641201 0.100307956
C 2.065174341 -1.782358050 0.455207497
H 0.438404262 -1.291752100 2.355933189
H 0.597124934 -0.964446127 -1.732164502
N -1.192433953 -0.507688880 1.416540384
H 2.288884640 -2.316473484 -0.470393777
H -2.030197144 -1.169901848 -0.379806340
H -1.123346686 0.559870780 -1.829009891
H -2.610062361 0.387268662 0.196643949
H -0.135707870 1.940924764 0.686072528
