21

H -1.599125028 -0.242564604 1.632406712
H 1.182364345 -1.393106580 1.610497117
H 2.037308931 -0.950018644 0.125850797
O 2.201752186 0.416760653 1.605252504
H -1.528276205 1.060051680 -1.635499835
H 0.426153213 -1.197329402 -2.201297998
O -0.263004035 1.036247611 2.584652662
H -1.428225875 1.392440319 0.963544965
C 1.428390145 -0.541393876 0.943683028
O -1.627751112 -1.331560493 -2.373790503
C 0.118532352 0.003234831 0.342097074
H -0.044466656 0.273134291 3.139819622
H 1.342013121 1.156634450 -0.741786063
O -0.486855209 -1.106240630 -0.350129694
N 0.342856467 1.061119914 -0.650690913
C -0.494341135 -0.818212986 -1.740448356
H -0.120161667 1.106443405 -2.718499899
H -1.702986956 -2.241728783 -2.135847807
C -0.879403889 0.543445528 1.400698900
H 1.603489399 1.061699748 1.995837688
C -0.508262515 0.710943997 -1.796349049
