20

C 0.821562469 1.113748789 0.082252666
H 1.058622479 0.868343651 -2.084958553
H 0.134750009 -1.299420238 1.670911074
C -1.306366205 0.297031909 1.611047029
H 0.027351061 -1.664741039 -0.842532277
N -1.552117586 0.314479083 0.160667196
H 0.296391904 -0.169283211 3.010988235
H -1.427793503 1.301645517 2.000933409
H 1.357730150 2.067112684 0.023536509
C 0.675192356 0.358454585 -1.220441580
H -2.063927174 -0.318774074 2.092353344
C 0.078986287 -0.235550657 1.933045030
H -1.716105580 -0.609538734 -0.194488287
H -0.900283217 1.915197134 -1.055883288
C -0.540587723 1.029185891 -0.557232201
O 1.033758879 -1.576479673 -2.649309874
H 1.781061888 -1.434770107 -0.787250817
O 1.119584203 0.499825418 1.274667025
C 0.869188190 -1.136054516 -1.313245177
H 0.253001899 -1.320411682 -3.155059338
