18

C -0.463527024 -0.771149576 0.244676918
C -0.205440342 1.762995839 -0.539604545
N -2.768873692 2.165010929 -0.278429091
C -0.933432221 -1.315251827 -1.113629460
H -1.689514756 -0.665139794 -1.559268713
H 2.502962589 -1.509751558 0.900408924
H 0.339711815 2.644758224 -0.187317759
H -0.083005048 -1.392092586 -1.798125863
H 1.687936425 -1.050881743 2.388217926
C 1.601952195 -1.003913760 1.289541483
O 0.440467983 -1.676566005 0.834289908
H 2.200326443 1.163082838 0.928621054
C 1.449150085 0.387750149 0.796061993
C 0.297096550 0.528327107 0.176994354
C -1.636952281 2.001567125 -0.386984706
H -0.014366960 1.696973443 -1.608536839
H -1.370904207 -2.299561977 -0.975101531
H -1.353587508 -0.666156650 0.888185740
