20

H -0.417270303 2.367829323 -2.326690197
C -0.079118840 -1.242077947 -1.042082906
H -1.866814375 -0.278732300 2.699495554
H -0.702024758 1.039646506 2.952677965
H 0.144340605 1.986776352 0.797943413
O 1.590258956 2.390683174 -2.161269188
C -0.419970632 -0.053866815 1.120048285
H -0.221763253 -0.639558375 3.183009624
H 1.673413634 -0.595964968 -2.179597616
C -0.520625949 -1.391213059 0.421860278
H -0.246341214 -2.148243189 -1.628396630
C 1.254123330 -0.500734627 -1.182331443
C 0.518426180 1.928458214 -1.927154660
H -1.551695466 -1.752830744 0.466497391
C 0.314282447 0.712500334 -1.072793245
C 0.008314122 0.985313594 0.387155831
C -0.817087114 0.030449856 2.563782692
H 0.099020980 -2.132644892 0.933421433
H 2.013965845 -0.615443170 -0.409378111
O -0.773434401 -0.090347141 -1.596198320
