13

N 0.799407601 0.586417437 -2.013200283
H -0.950578630 0.643544853 2.342510462
H -1.218549252 -1.073443890 1.990943432
H 1.904273868 2.031295538 -1.072343588
C -0.061630618 -0.389795452 -1.799426198
H -1.258991599 -1.529502630 -0.424586356
C -0.545548022 -0.718578637 -0.549941838
N 0.818597257 1.007324696 0.324469775
C 1.195286870 1.223740816 -0.924559176
C -0.072110221 0.017801655 0.518661201
F -0.466309130 -1.060970068 -2.856324196
C -0.505776584 -0.253910512 1.923239827
H 0.361928046 -0.483924270 2.540556908
