13

C 0.713782191 0.841239154 -1.065085173
N 0.601503670 1.379884720 0.191529006
H -1.182962894 0.781013012 1.245395780
O 1.344160199 1.118839741 -2.035273075
C -0.313621044 0.382176369 0.739340246
C -1.440028548 -0.611312747 -1.484893441
C 0.332738161 -0.923238456 1.203078151
H 1.317007184 -0.842221379 1.662394762
H -0.323809952 -1.556205869 1.814357162
H 1.226768255 2.010259867 0.672418594
C -0.299545169 -0.296263248 -0.663540423
O 0.404143870 -1.436951280 -0.157671481
N -2.380136013 -0.847220004 -2.122050285
