20

O 2.157602072 1.385352731 0.843250155
H 1.130829096 -1.694473624 1.432181001
C 0.945769489 -1.064121723 -0.419429660
C 0.405828446 0.527959585 2.199840307
C 0.775040448 1.134594321 0.904562414
C 0.251913369 0.313719720 -0.298336029
N 0.167866945 0.041082405 3.230911016
C -1.895653963 -0.095830783 -1.660462141
H -1.699206471 1.157877088 0.078700624
H 0.306849897 2.116367340 0.875896990
H -1.578625560 -0.547634900 0.428832650
H 2.013535500 -0.917262614 -0.531299889
C -1.288532972 0.214309081 -0.282008797
H 0.573888540 0.892194152 -1.173716545
H -2.977968693 -0.128245205 -1.597024202
H -1.634934783 0.665752649 -2.387619019
H 0.597913504 -1.557511926 -1.328908086
H 2.638834476 0.580993056 1.076841474
H -1.555090547 -1.066952109 -2.037835836
O 0.664141119 -1.958169580 0.645623326
