16

H 0.988842368 -0.484709561 1.652136326
C -0.280913085 -1.336769700 -1.570093632
C 0.728377819 -1.410367727 -0.462701589
H -0.097178921 -2.034946680 -2.372040272
C 0.552667260 0.746374786 -0.285762995
H 1.484878063 -0.081988543 -2.219154596
C 0.772352457 -0.255198926 -1.442147732
H -1.382137060 2.817260742 3.303544044
C -1.175105095 2.145929813 2.508246422
C -0.962149978 1.390378594 1.604768872
C -0.710296869 0.488841385 0.523712337
H -1.331948638 -1.146336317 -1.391191006
C 0.509257913 -0.400436103 0.694196939
H 1.075945973 1.678555727 -0.200184911
H 1.418656588 -2.235999823 -0.377728671
H -1.591248155 0.119412713 0.034400292
