17

H 1.205839276 -0.410436064 2.106620073
H -0.433938295 -2.157084942 -1.491810083
C -0.824870884 -0.634473383 -0.042473592
H -1.267074585 1.461455941 -0.775276423
O 1.123312831 -0.786142945 -1.365330100
C -0.498563409 0.722583532 -0.570996046
N 1.151460886 0.252949476 1.344876647
C -1.144656062 0.969010353 1.832672715
C 0.133216977 -1.572405577 -0.743730307
H 1.463093519 1.223667622 -1.411418796
H -1.848678470 -0.961867392 0.133951560
H 0.639104664 -2.284658670 -0.090702906
C -0.209208414 0.397356182 0.880248845
N -1.846439719 1.440734863 2.620977163
C 0.627517045 0.536998272 -1.553064942
H 1.488846302 1.131636024 1.696203589
H 0.241038471 0.670676768 -2.570747614
