18

H -3.738968611 -1.171979189 -0.753414154
C 0.421688497 0.328753829 0.001032428
H 0.167845294 1.344306707 -0.315439284
H 2.666215658 1.961876154 0.189929530
C 2.795745373 1.013271809 0.717237115
O 1.215133786 0.047960494 2.243388176
H 0.892290354 -0.137779012 -0.874051630
H 3.311942577 0.328964591 0.039044853
O -3.060613394 -1.083454847 -0.069824271
N -1.197032452 -1.495186210 -2.906671524
H -2.200298786 0.637744308 -0.853251874
H -1.246260643 -0.014787292 1.340925336
H 3.413414001 1.163156629 1.607909918
C -0.830962479 -0.440053016 0.417328000
C -1.944552422 -0.411028922 -0.627223492
C -1.516196132 -1.013152719 -1.899372339
C 1.445323825 0.425729066 1.104366064
H -0.594713688 -1.484342337 0.638087332
