17

C -0.342739403 -0.664441288 -1.250574470
N 0.105122849 2.660395861 -0.162033543
H -1.856209517 0.906643331 -0.806628048
N -1.272315741 -0.152321920 0.915850997
C -0.259283096 -0.868131936 1.507216096
H -0.236364380 -0.346006215 -2.280985355
H -1.777925491 0.456123561 1.532397628
H -0.423703760 -1.150946975 2.542282104
C -0.965269685 0.434812903 -0.395160794
H 1.033174872 3.080176830 -0.180141047
H 1.809561968 -1.203236938 -1.100820422
C 0.194917887 1.409518480 -0.326668143
H -0.893964648 -1.606985450 -1.194213867
H 1.658678651 -1.737963796 1.365347266
O 1.359173775 0.712234437 -0.471060812
C 1.011545181 -0.720801890 -0.550014377
C 0.855600893 -1.209068775 0.855206847
