18

O 1.544476867 0.064561553 -1.825661182
H 0.587535858 -0.441851437 2.891338825
C -0.355938405 -0.223555610 2.390747309
H -0.692167342 0.743131161 2.795207262
C -0.816690564 -0.950542152 0.069454029
C 0.878734171 1.081444144 -1.074197054
H 0.563257456 1.857205868 0.885003030
H -1.700489044 -0.881865203 -1.864572883
C 0.821781874 0.887466729 0.421282470
C -0.706167102 -0.936541200 -1.428306937
H -1.074460983 -0.979226828 2.669171333
H -0.160719067 0.569630086 -2.945493460
H 1.110679984 2.085703135 -1.405509830
C 0.140761927 0.192487583 -1.971610546
H -1.500063896 -1.692357540 0.488506317
C -0.164279804 -0.148240477 0.894029200
H 1.822042108 0.669568598 0.792140841
H -0.298294604 -1.897018313 -1.781529069
