20

H 0.634115279 2.088093758 2.226464748
O 1.699931264 -2.831858635 -1.105873704
H -1.091208816 2.167773247 1.842893839
O -0.787642002 -1.725974441 -1.238739133
H 3.085742712 -1.432527304 -1.639900684
H 1.704923153 0.308818340 -1.175459146
H 0.081674479 3.078051567 0.880825877
H -0.203756034 -2.498476982 -1.197036624
H -2.242985725 0.678338289 1.213626504
H -2.401079893 -0.795669079 0.211661384
C -0.090249285 2.129759073 1.409122467
C -0.847775400 0.667340159 -0.559280396
C -1.748079181 0.009971727 0.526248932
N 1.279895544 -0.604075193 -1.154052138
H -1.119360924 1.362859249 -1.357914329
N 0.187023327 1.025545001 0.500156879
C 2.065928459 -1.689380765 -1.290238500
C -0.269137859 -0.360706419 0.863945127
C -0.086439364 -0.678398013 -0.671843529
H 0.148479640 -0.899483860 1.715392828
