17

H -1.402484179 2.584239960 0.091090120
N 0.405631661 -0.099298686 -1.779104233
C -1.199848533 0.573298573 0.009791308
C -0.644008458 -2.934477806 -0.064822182
H 0.715949595 0.870572686 -1.797332644
H 2.645020008 0.231413856 0.335098624
C 0.781435609 0.230305538 0.794594765
H -2.257137775 0.365364283 -0.049762797
H -0.875301301 -3.955776691 0.085794762
H 1.180350304 -0.683358729 -2.036884308
H 0.876617670 -0.535018504 1.559233665
C -0.053211719 -0.359684676 -0.438978583
C -0.398742914 1.152009487 1.099035978
H -0.711052775 1.503884435 2.062705278
C -0.375429213 -1.771492958 -0.258429259
O 1.966920257 0.885151863 0.515264392
N -0.654708266 1.942867398 -0.127294764
