19

C -0.142096087 0.628477037 -1.397076130
H 0.654555440 -0.820123851 -2.793933392
C 0.636061847 -0.646232903 -1.715753675
H -1.226144195 -2.634741545 0.490159214
C -0.399849832 0.765943050 0.101609193
C 0.026221864 -1.843096614 -1.021466970
H 0.270032078 -2.812864542 -1.434985280
C 0.775282860 1.381414771 2.082116604
H -1.108209133 0.602332115 -1.900542974
H 0.386078566 1.505807519 -1.741765380
H -1.042957425 1.630670905 0.305119127
C -1.091495037 -0.477798045 0.692073286
H 1.796310663 1.483760476 2.427025318
O 0.845504105 0.915532351 0.740835607
H 0.279769719 2.352032423 2.140850067
H 0.246066272 0.684013903 2.728224277
O -1.803696036 -0.412443817 1.667802215
H 1.674468994 -0.541740417 -1.400936842
C -0.775904357 -1.760943294 0.030645618
