23

H -2.176921368 0.691562712 0.908957660
C 0.281403154 3.269670486 -0.783926725
C -0.409908980 -2.938456535 1.094263673
H -2.106566906 -0.430840015 -0.506232858
C -0.273495257 -0.452031285 0.769647181
H 1.076610804 1.984865665 0.702503681
O 1.630650759 -1.773787022 0.445187926
H 0.002500154 3.232488394 -1.825544238
H -0.026953803 -0.240982741 1.798758984
C 0.217608571 -1.801416278 0.299056947
H -0.161180362 -2.831757069 2.142792463
H -0.046367496 -1.903511643 -0.762409508
H -0.043238115 -3.895339012 0.737095356
H 1.502165794 0.396241456 -1.445954204
C 0.549202919 0.859853685 -1.383380413
C -0.255239010 0.673749328 -0.180355385
H -1.496612191 -2.926256657 0.983371854
H 1.951914430 -2.656623363 0.267932147
C -1.550214410 0.128250390 0.231672794
H -0.442594588 3.802152634 -0.204906449
H 1.247675300 3.827654362 -0.754266739
C 0.457748592 1.926516056 -0.220142782
H 0.071812481 1.057997704 -2.314121723
