15

N 0.563904166 1.259796739 0.511154830
C -0.909847021 1.003978848 0.642006516
H 2.160471439 -0.139868677 0.798709214
H 0.364191979 -2.089313030 0.678354383
C -0.278179795 1.750016093 -0.365925968
H -1.436645627 1.536621571 1.430789709
C 0.182702944 -1.129118562 0.224546954
H -1.853792548 -0.639511466 -0.410413921
C 1.211455822 -0.052010149 0.302950293
H -1.674487472 -0.894156754 1.306933999
O -0.343302280 2.324065685 -1.420279503
H 1.735551000 -1.460436344 -1.325346470
C 0.968458116 -0.759893537 -1.003180146
H 0.493142217 -0.214090988 -1.799660206
C -1.183622956 -0.496079445 0.429360062
