16

H 2.740471363 0.487269372 -0.569319963
H -0.914921284 -2.308436155 0.665617287
H -1.222117543 1.523854017 0.955391824
C -1.479727149 -1.386884451 0.766686499
C 2.553120136 0.642624974 0.495705903
O 1.242098451 0.611194491 0.818736076
C -0.973606944 -0.334509313 -0.144311398
H -2.539775133 -1.616217852 0.554045916
C 0.433773458 -0.037717223 -1.587641358
C -1.052574039 1.138743401 -0.044527307
H -1.462828159 1.727636576 -0.851186574
C 0.303275317 0.468021870 -0.178387150
O 3.376628399 0.842464745 1.322041154
O 1.213529348 -0.047280394 -2.451244831
H -1.410612345 -1.043287039 1.802456260
O -0.806735277 -0.667477310 -1.554062247
