19

H -1.170839310 1.321472049 -1.402536988
C -0.495045781 0.916593611 -0.646270752
H -2.011074066 2.205910683 1.822545528
C -0.625884771 -0.638839900 -0.553504229
H 0.930997133 -1.008912683 -2.089589596
O -0.444765419 -1.010783315 1.823249459
C -0.918920517 -1.298285007 0.759104848
O -1.944529653 1.815026879 0.958411694
O 0.845143735 0.811734498 -1.107239366
C -0.590842068 1.753356218 0.594802022
H 0.017185483 1.313616276 1.399376869
C 1.968130350 -1.178814888 -0.216348395
H -0.172815725 2.743482828 0.358727694
H 1.855724812 -0.869116127 0.819212258
H 2.924794912 -0.833596170 -0.593808234
H -1.666608453 -2.118056059 0.695680618
C 0.851478696 -0.614806771 -1.071984768
H 1.961343169 -2.264606237 -0.255996764
H -1.313472748 -1.045376182 -1.293832421
