18

C -0.539192438 0.044368699 0.508285642
C 0.833880544 -0.540383756 -1.633073211
C -0.004843207 0.544285297 1.836671710
O -0.433415532 -0.019804968 -1.973816514
H -0.037433162 -0.108538590 2.695872307
H -1.201309085 2.999195337 1.473816037
O -1.278541684 2.388393402 0.737323225
C 0.158059731 0.418707997 -0.756025553
H 0.143679440 -2.372999191 -0.720125437
H -0.998521388 -0.925607383 0.498612940
H 1.908069849 -2.237113714 -0.843870282
H 0.533275843 1.444746852 -0.767374635
H 0.939630270 -2.575824976 -2.289272547
C 0.962185919 -2.012761593 -1.349012613
H 1.648207426 -0.142349765 -2.253123760
H 0.854082942 1.200980902 1.796285629
H -2.204337597 0.798404515 1.755839705
C -1.283478141 1.096300483 1.282987475
