21

C 2.079213381 0.000739920 -0.058895208
H 2.783605337 -0.692696393 -0.502335429
C -1.355049729 -1.061151028 -1.277782440
H -0.686698556 2.288720608 0.084004849
H 0.439135075 -2.242862940 -1.028229237
C -1.698789954 -0.287481546 -0.251689017
N 1.409333944 0.994352102 -0.932629824
H -1.438323140 1.827724576 1.609002948
H -2.029698610 -1.549055815 -1.960019469
C 0.144266576 -1.235528350 -1.355347514
H 0.550442457 -1.100187182 -2.360125542
H 1.667989373 0.820198298 -1.887300730
H 0.308133543 -0.338349521 2.364555597
C 0.648267150 -0.163178578 -0.399624854
H 0.318461835 1.950927496 1.489453435
C -0.512023151 0.165690124 0.565714478
N -0.414293468 -0.714346826 1.750636220
C -0.581904054 1.648051143 0.959483206
H -2.716784716 -0.035718977 0.013146259
H -1.284342647 -0.664714992 2.271554470
H 2.369058847 0.388868958 0.906427741
