18

C -0.196517497 1.163902402 0.145383939
H -1.817922354 -1.271315098 -1.425831795
N 1.586017728 -1.134847283 -1.759328723
H -0.861755848 -2.757155180 -1.283974528
C 0.638600051 1.917268872 1.167992711
C -0.164768308 -1.147639871 -0.041922793
C 0.792496145 -0.519222200 -1.010408640
H 0.912231266 2.893775225 0.748119295
H 1.548890233 1.361119866 1.354573727
H 0.375096440 -1.804005742 0.638755381
H -1.068904281 1.756627083 -0.159972981
H -1.991510272 -2.283557653 0.007630754
O -0.102322236 2.146758556 2.329219818
C -1.284669399 -1.910919189 -0.728622735
H 2.134284019 -0.503307104 -2.333595037
H -0.438103288 1.294084430 2.599230051
O -0.658592343 -0.039652083 0.717887998
O 0.597450018 0.838084817 -0.965136826
