17

O 0.264617354 0.385642618 1.693947554
O 1.908379912 -0.568810463 -0.446033150
C -0.569143116 -0.575083673 1.059784293
H -2.439769745 0.209595084 1.948019862
H 2.449804068 1.502520680 -0.367704242
O -2.308054924 -1.816549778 2.147219181
C -0.291739017 -0.253306270 -1.439545870
H 1.715151548 0.082429804 -2.479559898
C 0.357872546 1.089074254 0.452046603
H -0.800992727 0.277082890 -2.246323109
N -0.719653726 0.260031104 -0.153011426
H -0.052994099 -1.530152559 0.909112096
C 1.191271305 0.022373278 -1.534330964
H 0.129681513 2.149655581 0.560401320
H -0.537615180 -1.311435461 -1.527709723
C -1.896882892 -0.751859009 1.790984154
C 1.600067616 0.828791857 -0.367296755
