16

N 0.412117660 0.385924876 0.304834664
C 1.496901989 -1.091033816 -1.362279177
H -1.381409883 -1.528569698 -1.690665960
C -1.748582721 -0.080925629 -0.051309302
H -2.805245161 0.011926834 0.127105415
H -2.185317755 1.623905301 1.920196056
C -1.114599705 1.614736795 1.707890034
H 3.519642353 -1.231688857 -1.090096474
H -0.586161077 1.343820453 2.619446278
H 2.665580988 -0.362806082 0.157436073
O 1.409671068 -1.711860061 -2.391677856
H -0.783191085 2.603969812 1.400127888
C 0.312348306 -0.514675319 -0.671082854
N -0.846650302 0.642291188 0.682129800
C -1.032389164 -0.834451735 -0.948621154
N 2.667284727 -0.870564044 -0.713433325
