21

C 0.824223101 1.301437974 1.526886702
H -1.211665988 0.394342810 1.985818386
H -3.194882154 -0.439145237 0.429414958
H 1.174906969 2.082946062 -0.458016664
H 1.776877403 -0.867239773 -0.106393911
H 0.895788491 -1.061474204 -2.396568060
H 2.169607878 0.157318816 -2.328984261
H 0.469258547 0.645021737 -2.419776917
H 0.553259313 2.321985483 1.840945125
C -1.326784849 -1.182977676 -0.363246828
C -0.273965895 -0.298391253 0.175897256
C 1.160470247 -0.088580862 -2.001720428
H -3.176941633 -2.163105726 0.024023049
H 2.627710342 1.360934258 0.246989504
C -2.593157768 -1.355108500 0.449106127
C 1.099203706 -0.077864714 -0.476023406
O -1.211445212 -1.741793513 -1.431450248
H 1.446372390 0.890521169 2.337712765
H -2.368991852 -1.570281506 1.494559288
C 1.536062956 1.261265635 0.170391455
C -0.375906050 0.430189043 1.300436020
