19

C -0.237896159 0.605548978 -2.249103546
O 0.510752797 -0.356742382 -1.652738810
H -0.451669276 1.873481035 -3.598804712
N 0.235820472 1.216695309 -3.246853113
C 0.893533587 1.198433161 0.713738918
H -0.410391390 -1.642592072 2.194295645
H 0.526825368 -0.337602049 2.915836811
N -0.573345959 1.070638776 0.825663388
N -2.450922012 -1.793325186 -0.586732090
C 0.251774073 -0.143674850 0.782519996
C 0.044198826 -0.978947937 -0.481615931
H 1.341063619 -1.580337405 1.977406621
C 0.437686294 -0.982602119 2.034615278
H 0.668956339 -1.861248374 -0.402641177
H -0.912322462 1.259960294 1.752312660
H 1.456244946 1.516762257 1.586365461
H 1.232201934 1.596117258 -0.224024296
H -1.211003780 0.771292150 -1.779435992
C -1.351506948 -1.431856990 -0.560805559
