17

H 0.711234450 0.664294362 2.009707451
H -1.577993035 -0.194738314 0.191879764
N -0.741456985 2.729361773 -1.900812387
H 1.736827970 -3.003344297 -0.396700680
H -1.997349381 1.187184334 -1.231238961
O -0.281974673 -2.292809725 -0.127337888
C 0.213468015 -1.193858027 -0.012920789
O 1.551188350 -0.968469083 -0.190079525
H -0.580554366 -0.450307757 2.482004404
H -0.955086887 1.245809197 2.134634733
C -0.548811018 0.046261925 0.379731476
H -1.540091157 3.031957150 -2.458474159
C -0.320163816 0.395623893 1.853205085
H 3.262202501 -1.998847485 -0.648619294
O -0.123437606 1.150214076 -0.410114795
C 2.237735271 -2.061660051 -0.449575424
C -1.045737505 1.713328242 -1.225288749
