17

C -1.145745277 -0.236025989 -0.872276306
H -1.739063144 -1.029428363 -1.308458567
H 0.929676950 -1.889604092 0.304414898
H -0.601033449 2.521077156 0.535218418
C 0.226127505 0.169871494 -1.394578815
C 0.826878846 0.752413094 -0.090441510
C 0.947590411 -1.343502879 1.228010416
H 1.829435706 1.148247957 -0.063781746
C -0.930294871 1.167021394 -1.404782534
H 1.828290224 -2.676417828 2.167943954
H 0.706919849 -0.304576516 -2.229001999
N 0.382608503 -0.065457933 1.060472012
N 1.445877433 -1.753283381 2.316107035
C -0.997916579 0.202707976 0.606658101
H -1.394430757 1.694259048 -2.217849016
H -1.806995749 0.059641983 1.326739073
C -0.507925272 1.583057165 0.035607133
