20

C -0.900956094 0.443163931 -0.970716774
H 1.722864866 1.828579783 0.507877111
H -0.907272160 -2.249234438 0.453719497
H -0.535480857 3.164180756 1.040880561
H -1.787816525 -0.177539125 -0.973769307
H 0.183143795 -2.516702414 -0.931896865
O 0.399164677 2.364423275 -1.098896861
C -0.960030973 1.988984585 -0.792935848
H -1.723963380 2.564852238 -1.290064096
C 0.147165239 -2.329885483 0.149970651
H 0.354660690 -4.180796623 0.687808871
O 0.210551709 0.024417534 -1.753497362
C 0.356813908 0.163664192 -0.326289445
H -1.112619042 1.497337699 1.436721563
H 1.941094041 -1.165380001 0.212154731
C 0.736909211 1.630577683 0.086461097
C 0.876689672 -1.013355136 0.449506402
C -0.602487147 2.125609636 0.709512174
O 0.807053626 -3.346842766 0.881550729
H 0.794515133 -0.816055119 1.521902919
