17

C -0.381483883 -1.016603827 1.059354544
H -2.081904888 0.909230292 -0.638311625
H 1.578537345 -0.036292970 -2.029363871
C 1.758219838 0.464029580 0.210613325
H -0.049620833 1.226866126 1.307132125
N -1.784731746 -0.755051017 0.729524672
O 0.143117964 -1.471806288 -0.225347966
C -1.647715807 -0.087929130 -0.611574650
C -0.119493075 -0.062583350 -0.597875416
C 1.118417263 0.532419622 -1.224513054
H -2.080139875 -0.707778573 -1.402831078
H 2.305581331 1.351224780 0.523990154
H 0.973999321 1.571525097 -1.551676750
H -2.227213621 -0.129740387 1.397704005
H 2.396869898 -0.401806027 0.354209363
C 0.333366632 0.333307385 0.821868956
H -0.235805973 -1.719011784 1.877097249
