21

H 0.481800139 -1.901909709 -0.797627389
H -0.523776054 -1.195144415 0.470335305
H 3.087766647 -2.188881159 -0.269277304
H 3.188371658 -0.504661739 0.173517793
C 2.939996481 -1.493735313 0.546140194
C -3.573325872 1.983477712 0.483496219
C 0.476435065 -1.185095191 0.035076417
H 0.952049732 2.098533154 -1.474366307
C 1.516983986 -1.555131197 1.070037246
C -1.402165413 1.082326531 -0.710368216
H -3.706675291 3.052470446 0.290684819
H 1.284448385 -2.556940794 1.443060398
C -2.381598949 1.481966496 -0.161902845
O 0.420666635 1.637857437 -2.112179995
H 3.657087564 -1.736106634 1.339146137
H -3.518427849 1.853102684 1.570816278
H 1.407925010 -0.871772051 1.920708299
C -0.177073672 0.602247179 -1.375668168
H -4.456422806 1.466113687 0.118718155
H -0.437728375 -0.177837834 -2.095402002
O 0.763663113 0.109120101 -0.464945227
