19

H -1.872322679 -0.516639531 -0.141574427
C 1.092135429 -0.136106446 -1.355851769
H 0.363336772 1.264775038 0.924864590
H 1.443223357 -0.349478215 -2.360783339
N -0.333298504 0.077312812 -1.431306720
H 1.608246446 0.758764029 -0.994883358
H 1.736646414 0.035885818 2.493919849
H 1.221555233 -1.621262074 2.872110367
H -1.779616117 1.201401114 -0.458082706
O 0.110385507 -0.719628453 1.452816367
C 0.870714962 -0.623440444 2.634174109
H -2.016589880 0.202699870 -2.585678101
H 0.273010820 -0.255033672 3.467043638
H -1.149799228 0.870438159 1.785964012
O -0.372268349 -0.098523699 -3.720019817
C -0.933993638 0.052955769 -2.664527178
H 1.342714071 -0.959849179 -0.686145663
C -1.172312975 0.310275942 -0.275234789
C -0.431767374 0.505453348 1.043195128
