18

N -0.028858364 2.702547550 -1.575159073
H -0.988895774 -0.231936678 2.294584990
C 0.097150348 1.541568398 -0.885329008
H -0.808279097 3.301693678 -1.326924920
H -1.116974831 -1.383624792 -1.250515461
H 0.618699253 0.514284968 2.206538200
H 0.564061165 -2.648848295 -0.116078936
C 1.212245107 -0.268507808 -0.360439539
O 2.076320171 -1.082537770 -0.358536094
N -0.757744610 0.995909691 -0.130420476
C -0.957499325 -1.482796788 -0.187253878
C -0.008984869 -0.310579598 1.832449555
H 0.801328123 3.128347397 -1.933300138
H -1.943259597 -1.459493518 0.290323347
O 1.287680149 0.901294410 -1.091612697
O -0.347996503 -2.702162027 0.149651572
H 0.442200571 -1.255375743 2.125401020
C -0.141191795 -0.259783566 0.316621006
