14

C -0.598755956 -0.067110337 -0.963279784
O 1.585871220 -0.412677079 -0.186174273
O -0.519966543 2.253033400 0.029987654
C -0.196627140 1.107958555 -0.054725014
C 0.665380895 0.139774024 0.789428473
C -1.030876398 -0.114198662 -2.351300955
H -0.794419765 -0.977069795 -2.958130121
H 0.171297923 -2.024380207 0.097070895
O -1.930719495 -0.356206447 -1.266035676
C 0.969845712 0.155366227 2.159352541
C 1.192266703 0.193599403 3.341452360
H 1.391125441 0.244380459 4.371499062
H -1.202138066 0.827562571 -2.879432440
C 0.297715575 -0.970032036 -0.129713029
