23

H 1.529665470 -0.157959834 0.467561185
H 2.220816851 -0.712554216 -2.388829708
H 0.818661690 1.236592293 -2.971956730
H -1.842818260 -0.700757027 -1.148344636
H -1.236476064 1.152709723 0.333856374
H -1.830660343 -0.494180620 2.124248981
H -0.528574824 0.529926538 4.000255585
H 1.626274943 -1.964214921 -1.300076962
C 1.318422318 -1.212389350 -2.023625374
C -0.413370013 0.888521671 2.975487232
H 0.857975185 -1.730311871 -2.876207352
C -0.891205728 -0.771417916 -0.627082884
C -0.793602347 -0.181731686 1.953853607
O -1.150517106 1.225277305 -2.606671572
C -0.044185415 0.824757636 -2.401124954
H 1.181804538 1.476124644 -0.121075556
C 0.340145320 -0.237872541 -1.387565851
C -0.634417236 0.259872139 0.506574750
H 0.630629718 1.206083179 2.833410978
H -0.186792910 -1.079436302 2.127608776
C 0.795624852 0.452400863 -0.041729338
H -1.034124732 1.781318188 2.860463381
H -0.733276308 -1.790758610 -0.289030343
