16

C 0.678133667 1.286047578 -0.650347471
C -0.599298418 1.805763364 -0.134011835
O 2.114946842 -0.938167274 1.303860188
H -0.719576836 -0.957554817 2.097725630
H 1.894482732 -0.280518115 -1.940513253
O 1.615594983 1.859479547 -1.103672147
H -0.459355861 -2.392473698 1.080925345
O 1.125122786 -0.829588890 -1.713094831
C -1.437245011 0.802006245 0.133942336
C -0.848064661 -0.558715463 -0.134625643
H -1.440437555 -1.157263875 -0.819191992
C 0.598794043 -0.240315184 -0.557134926
C 1.057374835 -0.866578996 0.794998646
H -2.424943686 0.920417607 0.544575691
C -0.345856279 -1.308838844 1.143440604
H -0.809671700 2.856301069 -0.046876606
