27

H -1.183447361 -1.664549947 0.185197338
H 0.622853279 2.062561035 -3.097759247
C 0.129261017 -0.035711367 0.796801805
C 0.861965120 0.391260237 -1.703749895
H 1.895572901 0.703893542 -1.589568853
N -0.007935120 -2.347197056 1.833654404
C 0.156174272 1.094098210 -2.868143797
O -1.210004926 1.310342193 -2.477404594
C -0.032313175 0.763930500 -0.507053137
H 0.537417471 -1.957752466 -0.112537377
H -1.886745214 0.350398213 1.583167434
H -0.695694625 1.621113062 1.950822592
H 0.866104424 -0.696341097 -1.859744668
H 0.200114742 1.808233261 -0.261791259
H 0.167577103 0.485660762 -3.793593645
H -0.095903859 -3.325531244 1.620862246
C -0.169017389 -1.541637421 0.606073797
C -0.828258812 0.543692052 1.856318593
C 1.578419566 0.111406863 1.305741191
H 2.294593573 -0.279047996 0.576106668
H -0.641799152 0.106125005 2.845376730
H 1.822833896 1.153032899 1.492830276
H -1.819416404 -0.256241322 -1.261201024
C -1.408802152 0.773066700 -1.183729887
H -0.737879753 -2.108700037 2.500623703
H 1.725401402 -0.453997105 2.225498676
H -2.141070843 1.387892246 -0.662797570
