19

H 0.729837000 0.368505627 2.707151651
H 1.827481270 0.531575382 1.268131852
H -2.291638374 1.774870396 0.810352862
H 0.079062201 -0.987854302 -3.302193403
H -1.572879076 1.708257079 2.429264545
C 0.068899676 -0.401136845 -0.574689209
C -1.374243379 1.892135262 1.377860069
C -0.161873072 -0.530697107 0.904936731
C 1.207255125 -1.063604236 -1.371423841
C 0.824305415 0.385486662 1.627969503
O 0.012040479 1.036009908 -0.516107321
C -0.316789955 0.968291998 0.873598874
C 0.073089905 -1.497033954 -2.328865290
H 1.683162451 -1.895545483 -0.852255285
H -0.054758023 -2.568852425 -2.488373518
H -1.044259787 2.938808441 1.270271778
H -0.723023653 -1.306917429 1.376614094
O -0.921937406 -0.959216237 -1.443738699
H 1.956268907 -0.393083125 -1.768506050
