21

C -0.152884081 -1.149790287 -1.965200186
C 1.830715060 0.229896039 -1.237247825
H 2.499205112 -0.433528155 -1.796840429
H 0.914572418 -1.342875242 -0.122884907
H -0.936986744 -1.369471192 2.733004570
H 0.504895270 -1.828287125 -2.511630535
C -0.607750535 0.284549683 1.388627648
H -1.859793782 1.553063154 2.541600943
H 0.718473673 -1.222195625 2.114689350
N -1.476467848 1.291024566 1.650786877
H 1.562606454 1.058683515 -1.892942429
C -1.115161419 1.450012326 -0.411102265
C -0.150871262 -0.659243703 2.454877853
H -1.189449430 1.845988870 -1.414060116
H -0.490121841 -0.375019699 -2.667653084
H 2.387741327 0.629751980 -0.390671790
H 0.132369280 -0.119035624 3.364314318
C -0.343750924 0.347638845 0.025741378
N -1.783119917 2.038353920 0.563551545
C 0.578875244 -0.520649076 -0.775916159
H -1.023096561 -1.708868265 -1.651043653
