14

H 1.268050671 -0.372585922 -1.952706575
C 0.074358642 -0.592251658 1.787581682
N -0.349477798 -0.773617923 -0.701309860
C -1.034703851 0.440877974 -0.309419394
H 1.705476761 -0.270252228 -0.230873019
C -0.311448097 1.741919398 -0.089084774
H -2.016352654 0.569497347 -0.720441699
O -0.713589787 2.780934572 -0.549800992
C -0.838293493 -0.702808321 0.655707300
H -1.695564389 -1.345506787 0.861558199
H 1.403721213 -1.843975067 -0.981700957
H 0.615513682 1.697024703 0.522173822
C 1.088570118 -0.794778585 -0.968256474
N 0.803739250 -0.534477115 2.676573515
