16

O -0.557134330 1.583175182 0.486264884
C 0.048618518 0.305786222 0.524026573
H 1.523871422 2.127574921 1.095600605
H 1.657091141 0.709788144 -0.858697653
O -0.091436878 -1.935671926 -0.434989572
N -3.226482153 -0.916598380 0.358062506
H -0.044997595 -0.040473945 1.552959442
C -2.119935036 -0.784740090 0.061213866
H -0.617338836 -0.939583659 -2.257054806
O 2.129640341 1.367594838 1.051444769
O -0.693373680 -0.143356830 -1.687111855
C -0.702671945 -0.669497788 -0.380748481
H -0.227403700 -2.373557329 0.414515316
H -0.663776994 1.805253267 -0.456889063
H 2.047522783 -0.520446360 0.337915003
C 1.537806630 0.424754024 0.193488806
