23

H 0.998986423 3.615561724 -1.093446851
C 1.604790330 3.340820789 -0.222518876
H -1.062742114 -2.923306942 1.944492817
H 0.858561337 -1.504274726 1.078978062
O 1.917779088 1.972111940 -0.209980845
H 1.057411432 3.649055004 0.681015611
H 0.511727095 1.161914468 -2.335443258
C -1.572311521 -2.785370827 0.990719378
H -2.656627417 -2.783092499 1.175743580
C 0.087240689 0.776066303 -1.415711284
H -1.343143940 -3.635680676 0.352721095
H -1.663577199 -1.381856441 -0.626801491
O -1.483699441 -0.366069198 1.174726367
C 0.355529547 -1.430409193 0.103844166
C 0.916007102 -0.224027380 -0.644312918
H 0.629205883 -2.334508657 -0.451088041
H 1.902168274 -0.421396613 -1.053007841
H 2.540562868 3.897845268 -0.265318453
H 0.185728878 1.329590797 0.744245052
H -0.984477818 0.679004908 -1.399854660
H -2.428213358 -0.334354848 1.264820933
C -1.153229952 -1.467634559 0.346531361
C 0.782324851 1.170011640 -0.140354067
