16

C 2.771442175 0.312149584 -0.136470690
H 0.800626993 2.459494114 -0.140646875
H -1.287962914 1.197238922 -1.286556005
H 0.951934278 -1.723332644 0.927025914
C -0.480970293 0.734396636 -0.714123368
H 0.150236726 1.567475796 1.317109585
C 0.541791022 -0.897082031 0.396578223
H -2.492540359 -1.517589808 -0.716405690
C 0.432758421 1.513628483 0.266616344
C 1.324516416 0.308690786 -0.181081161
N 3.916997671 0.332403660 -0.072309546
H -2.710224390 -0.632220626 0.780632138
O 0.716571212 0.433216363 -1.504716396
C -2.020343065 -1.279241085 0.234139740
C -0.709217429 -0.600933373 0.029931892
H -1.905615926 -2.208295345 0.800275683
