19

H -1.965807438 1.220358014 -0.493862629
H 0.816224575 -0.212393284 -2.267069817
H -1.643119931 -0.390388429 1.839442253
N 1.209333420 -0.948565900 0.437040597
H -1.780297160 -1.219590306 -0.983778000
C -1.074634910 0.676681519 -0.196870625
H 0.859186769 1.479770303 -0.442737639
C -0.811687589 -0.709758341 -0.953526914
C -0.869071603 -0.035241898 1.163752556
C 0.272305697 0.927480400 1.508130074
N 0.057997648 1.565649509 0.161879390
H -0.757524967 -0.392576993 -3.078264713
H 0.131294578 -1.806682944 -2.538309097
H 2.456678867 0.477401674 1.373404264
H 0.194664076 1.631228209 2.320890903
C -0.045050915 -0.992399395 0.315907061
C -0.114078082 -0.778261662 -2.294214487
H 1.570147157 -0.476064086 2.557090998
C 1.493440032 -0.016646150 1.571095586
