17

C -1.774830818 1.076315284 -1.951706529
O -0.878709257 1.533998728 0.376999557
H 2.793722868 -0.672451496 0.852354825
C 0.463459998 0.016939566 -0.778545976
C 2.211841106 -0.920865655 1.739401102
C -0.900269985 0.679533601 -0.800492525
O 1.348992944 -0.144193202 -1.572652936
H -1.905405045 0.236942723 -2.637479782
H -2.746377468 1.391586423 -1.587201595
H 2.074707985 -2.014232397 1.787538409
C 0.171324551 -0.581453562 0.644999266
H -2.107634783 -0.118206829 0.994296253
H 2.733969212 -0.592475176 2.634106874
H 0.045350470 -1.674471259 0.532928348
H -1.317713499 1.888945937 -2.513283968
C -1.173521280 0.146724164 0.547062278
O 0.961093605 -0.252636939 1.731676459
