18

H 1.887638927 0.197189912 2.764190197
H 2.363173246 1.144879818 0.336840391
C 0.568047762 0.143810362 1.057652116
C 1.358899117 0.774049938 0.159338310
H 0.170318246 0.309299588 3.164474010
C -1.081517577 -0.644802809 -2.105881691
O 1.109417439 1.357529044 -2.153835535
C -0.749146640 0.310003608 -0.965472162
H 0.847162545 -1.231575012 2.671255350
C 0.654499710 0.901813924 -1.135485768
H -0.812540531 -1.366234899 0.437865227
H -0.953607857 -0.155656502 -3.077934265
C 0.896450698 -0.153942674 2.484364271
H -2.096442938 -1.017548084 -2.032864571
C -0.740429759 -0.278697819 0.447531700
H -0.405087143 -1.510104418 -2.098257065
H -1.578014374 0.071036927 1.059568286
H -1.438820839 1.148948789 -1.013348818
