16

C 0.750922024 1.337448001 1.059482932
O 1.046389699 -1.506700277 0.188038781
H -1.776926041 1.507002354 1.576001048
C -0.189493388 0.469760597 0.371296912
H 0.134096757 -1.078911424 1.941374421
H 0.626231849 -1.743619323 -1.823205709
C -0.055565413 -0.996618927 0.874346197
N 1.485289335 2.033567667 1.620185375
C 0.149046615 0.268435478 -1.120158195
H -0.787637651 0.115676194 -1.662077904
C 1.023598313 -0.999700546 -1.142755032
C -1.613254428 0.984379172 0.608540177
H 2.058699608 -0.791941166 -1.424394488
O -2.517230511 0.792374194 -0.153965145
H 0.649223983 1.139832020 -1.541821361
H -0.983390868 -1.530984044 0.629112184
