18

H -1.837045312 -0.858057022 -0.457863420
C -1.520737171 1.382723331 -0.515916169
O 1.594301581 -3.662262917 0.446884811
H 0.248656884 1.682572722 -1.870658875
H 1.482064009 -2.200464249 1.851657629
C -0.048837163 0.454576820 -0.013592107
C -0.391681165 0.904489458 -1.456949949
N -0.501521707 1.797125101 0.533766031
H 1.204463720 -0.220865652 1.578764796
C -1.517267108 -0.017622007 0.149782807
H 2.082348347 0.362468839 0.170656025
H -0.611229658 0.135472134 -2.182250023
H 0.096622430 2.530421972 0.127291366
O 1.308891654 -1.519287705 -0.065704621
C 1.203127980 -0.196143776 0.503043115
H -2.378498793 2.005805254 -0.756741464
H -1.893370271 -0.046634801 1.168216348
C 1.479710937 -2.534317493 0.789614081
