15

C 0.156829178 0.377877563 -0.414180517
H 2.290761471 0.723790109 0.442545027
H 0.630349636 -2.874998093 -0.502836883
C -1.210167527 -1.618843317 -0.450463980
H 0.677267730 2.899514675 1.391489983
C 0.150495291 -2.025597334 -0.034598839
H -1.861140013 -1.152709246 0.290257871
C 0.507686675 2.205255032 0.580305040
C -0.705619633 1.414970756 0.139428869
O 1.293762445 2.344469309 -0.621481955
N -0.043788511 -0.851216018 -0.918599427
H -1.732447982 -2.166777611 -1.222239852
O -1.915936828 1.500523567 0.249521270
H 0.420525938 -1.862410784 0.994086325
C 1.341422439 1.086152315 0.076767214
