15

H -1.327650428 -1.354531765 -0.900441587
C 0.026234170 -0.099423513 -0.198831886
N 1.324329734 1.486121893 0.724974275
O -0.680763006 -1.297308207 1.786079526
O 1.078307271 0.895694852 2.950446367
O 0.774884105 0.968065560 -0.482337326
C 0.827405155 0.712882817 1.645269036
H -1.269834161 0.658734441 -2.567428350
H 1.636912823 1.661634684 3.058166027
N -0.529425442 -0.824960828 -1.222857594
H -0.458203495 -1.263847232 2.719707251
H 0.336077213 0.012968672 -2.917359352
C -0.003752789 -0.313545287 1.148698330
C -0.648771226 -0.253596127 -2.536676407
H -1.085750103 -0.988889813 -3.207408905
