17

H -3.005727530 1.347688437 0.484549195
H 2.248643637 -0.059584510 0.579047263
H 2.334538698 -2.762561560 -1.840338826
H 0.769437194 1.905579805 1.674418330
O -0.096565709 -2.414115191 -1.686087370
N 2.091939449 -2.027777433 -1.192813754
C 0.747496665 -1.759196401 -1.141853809
H -2.259401798 1.796803117 2.012109041
C 0.431868315 1.127525449 1.011813045
H -1.682631612 -0.666797161 -0.778095126
N 0.393807173 -0.650116086 -0.329487622
C -0.915625691 0.926823437 0.575406671
H -2.000648022 2.779763699 0.593987942
C 1.205395103 0.145927265 0.463170350
H 2.747713089 -1.276258111 -1.112359047
C -0.907309771 -0.162481651 -0.247068867
C -2.102928877 1.748777151 0.933602691
