16

C 1.755830169 1.022843599 0.274854511
H 0.448764801 -0.180674478 1.544275403
O 0.370507091 -0.177369356 -1.871116161
H 1.476308346 -1.131634593 0.490559191
H 1.714875937 2.663340330 -1.107017398
H -0.705581784 1.645626783 -1.803697705
C -1.533306837 -0.724263430 -0.402725339
H -2.166618347 -2.704076290 2.669550180
C -1.774853110 -1.485895038 0.809006453
C -0.154690087 -0.125283390 -0.543930531
C 0.904083610 -0.198641047 0.557113886
C -1.972121835 -2.124886274 1.798758864
H 2.654177904 1.233563542 0.857581019
O -2.384352922 -0.580476046 -1.240534306
C 1.279673100 1.757323503 -0.711967826
C 0.087304205 1.110502124 -1.320710301
