21

C -0.927486122 0.810674667 0.868523061
C 2.218329668 -0.750961483 -0.963013113
H -0.430774331 0.623976409 3.027307987
H 2.047227859 -1.820121527 -0.838053823
H -0.978664994 1.673094511 0.201337919
C 0.245840728 -0.147882044 0.465632141
H 2.880656958 -0.412075847 -0.171050116
C -0.044527188 1.089831233 2.108620167
H -4.278399944 -0.704218030 1.327043295
C -2.240782022 0.231527567 1.041309834
H 0.202226520 2.129767179 2.304950476
C -3.326654673 -0.272831440 1.188934803
C -0.088853769 -0.438656300 -2.000580788
H -0.326203048 -1.506294966 -1.894074917
H -0.008909423 -1.193757653 0.642545998
C 0.878793418 0.013866825 -0.903740466
H -1.025799513 0.119231202 -1.972715259
H 0.358816862 -0.306690514 -2.996895790
O 1.056518555 0.361630827 1.543080330
H 2.703803062 -0.591825664 -1.925046206
H 1.084840298 1.091714859 -1.054114819
