15

C 0.033341475 -0.688477516 2.008204460
C -0.100516692 0.372427940 -0.140042588
C -1.294037104 -0.570995867 0.132582128
O 0.317417562 -0.937289059 3.129682541
O -1.210538983 -0.916173220 1.501981020
C 0.425457835 1.420718074 -2.368835688
H 1.554621696 0.685976505 1.309172153
C 0.908184230 -0.094780587 0.928351343
O 0.844487786 -0.827346325 -1.980369806
H -2.258765221 -0.091353819 -0.045201592
H -0.392260909 1.411444306 0.032567974
N 0.421680063 2.374765158 -3.016203403
C 0.428343922 0.216733649 -1.546286345
H 1.537997007 -0.892889202 0.526969790
H -1.215412617 -1.462760329 -0.472572029
