18

H 2.111485958 -0.661094546 0.320368558
H 0.043083701 -2.045100451 0.300809652
H -1.600916743 -1.753644705 -1.538097620
H 1.943857431 1.374402761 -0.722434580
H 0.974168599 1.125967860 3.005809307
O -0.636746347 0.926597357 1.332422733
H -2.327608585 1.580124378 0.488508284
C 0.637365162 0.460658282 1.271269321
C 1.146264553 -0.240060702 0.021333613
H -0.919349730 1.530088544 -0.618112981
O -1.921091318 -0.217944130 -0.281844348
H 0.837378502 -1.914120555 -1.256947875
C 0.261441141 -1.357837677 -0.520095468
C -1.044339418 -0.880726874 -1.170199633
H -0.804819226 -0.240516007 -2.018360376
C -1.464937091 1.007753015 0.170126900
O 1.332755089 0.701357365 -1.033685327
N 1.432007909 0.604096353 2.249129772
