19

H -0.599610448 -0.913980365 -1.575191379
H 0.925984859 2.406008482 0.413844764
C 0.187609643 1.740494490 -0.008105206
H 1.723510742 -1.014824390 -0.989879370
N 1.772772670 -0.184790224 -0.411730379
H 1.852379560 -2.398981094 1.642260790
H -2.745040417 0.823848605 -0.667899609
C -0.980559528 2.083387136 -0.539440155
H -1.866526842 0.994094074 -2.173930645
H -1.348790526 3.094994545 -0.619270980
C -0.851033866 -0.314314604 -0.708592653
C -1.737181187 0.899389625 -1.084439039
C 1.252862453 -0.470057011 0.932413936
H 0.455566287 -2.441734552 0.565139890
C 0.405440688 0.271675974 -0.060186170
H -1.382172465 -0.967715800 -0.000603511
H 1.727335691 0.138283834 1.699450850
H 0.266562581 -1.877388954 2.220209360
C 0.940890968 -1.868390203 1.365949512
