19

C 0.871336758 -0.553100288 -1.818297029
H -1.965029240 -1.102562547 -1.239006639
H 0.343507230 -0.257048339 -2.721618414
O 0.383664161 -1.909805298 1.223744154
H -2.739699364 -0.179721817 1.204886913
H -0.798479140 1.887067199 -0.499390900
H 0.799955964 -2.039732933 2.074445963
C -1.775957704 -0.130740851 0.717825592
C -1.394240737 -0.577853203 -0.486668020
H 1.577563405 -0.206387594 1.046248078
H 1.845192552 -0.048630752 -1.812296629
C 0.069335274 -0.190761149 -0.584650040
H 1.051794887 -1.630508304 -1.859534860
C -0.523318589 0.505606174 1.261368155
O 1.202068925 1.926118493 0.036038153
H -0.530103385 0.986438811 2.244225502
C 0.553430259 -0.563987076 0.851690233
C -0.027092578 1.265949130 -0.016516184
H 1.056071281 2.819660187 0.377506465
