18

H -0.874107480 1.730434060 -2.556405306
C -0.856310964 1.411782861 -1.527840972
C 1.258322001 -0.604388773 2.002353191
C -0.360455126 -1.202031732 -1.437842488
C -0.829585969 0.170969009 -1.010379314
H -1.560519695 -0.032989897 1.046178102
N -0.533332765 1.742720485 0.733054340
H 1.391366959 -2.243824005 -0.396321297
H 0.079250127 -1.211087108 -2.435974598
C 0.642877519 -1.444910169 -0.316556424
H 1.647459030 0.390779912 2.196826696
H 2.082279921 -1.317786574 1.991995454
H -1.155911446 -1.956521869 -1.441140890
C -0.682642341 2.325609922 -0.400937557
H -0.650582671 3.411433935 -0.481419295
C 0.491800278 -0.627195418 0.719414294
H 0.595095932 -0.860428214 2.840118170
C -0.685003161 0.317433804 0.474878252
