22

H 1.146419048 -2.287169456 -1.007329702
H -0.580543101 -0.495544493 -1.092361927
H -2.527081013 -0.170007735 2.221723080
H 1.689543843 2.067683935 4.286955833
H 2.420266390 -1.084034324 -1.092556715
H 0.357720822 -1.577047706 -3.302771091
C 0.013904758 0.659909010 1.308313370
C 0.459932566 -0.268198520 -0.819641650
H -2.310071945 -0.693851709 0.562257528
C 1.208098292 1.652528048 3.444598198
C 1.402004838 -1.306893945 -1.423183322
C -1.370091677 1.217743278 1.001814365
H -1.570583582 2.074064016 1.660629630
H 2.038302183 -2.104789495 -3.348828316
C 0.658523679 1.175647855 2.465408564
H -3.459122896 0.591294229 0.932110608
H 0.678072035 0.718716562 -1.260143042
H 1.641839027 -0.386030823 -3.380522728
H -1.391596198 1.605868340 -0.021825597
N 0.630755305 -0.220703721 0.619315624
C 1.347031951 -1.341467857 -2.939474106
C -2.483323812 0.172284707 1.185510755
