20

H -1.701004148 -2.101898432 2.032323360
C 1.119910121 1.180843592 -0.187438890
H -1.585277438 -1.927385688 -1.131247163
H -0.770407498 -3.135031700 0.930222750
H 1.168730259 4.049207211 -2.596742630
O 1.261319757 -0.034907240 -0.908109546
C -0.138742000 1.289701819 0.671541750
C 1.162278891 2.286895275 -1.145679235
C -1.051158190 -1.037052035 -0.813368022
C -0.485998333 -1.037955046 0.599531591
H 0.006989905 2.089591742 1.393712521
C 0.436171860 -1.120407581 -0.555571258
H 0.049753029 -2.304439068 2.247166634
C 1.153172493 3.229984045 -1.914069772
H -0.985832453 1.568890452 0.039675765
O -0.418464512 0.118500069 1.391421914
H -1.417469859 -0.122173816 -1.258009076
C -0.752195954 -2.212756395 1.501513243
H 0.952779353 -2.038932800 -0.771039665
H 1.995444655 1.259325624 0.474165797
