16

C -0.918163717 1.101028204 1.294739485
C 0.877956450 -0.262510121 1.102225900
C 0.199993610 -0.185073897 -0.236318231
H 0.758529902 -2.271256208 0.168866873
H 1.743877888 -0.612547696 -1.624315262
H -2.469907045 2.132014036 1.199468136
H -0.769622564 -1.763108850 1.010888577
H 1.932505846 -0.222818628 1.258183479
H 1.060861349 1.018908620 -1.748353481
C 0.817017734 -0.027753916 -1.588838220
O -0.015977090 -0.523809552 -2.610817671
H -0.835267901 -0.014164299 -2.577572823
O 0.143568009 0.575945675 1.952435613
O -0.912541568 0.683701336 -0.011358010
N -1.760597110 1.841757894 1.860489368
C 0.147766024 -1.470312476 0.550276875
