16

H -2.479434252 1.092840791 0.581592679
C 1.117908597 0.179229215 -1.626889229
H 1.603727460 0.298677504 -2.581927776
C -0.087460846 -0.136020258 0.841808140
N 1.920699239 -0.094265819 -0.578954279
N 2.106665850 -0.452268392 1.720676780
H -2.667381287 -0.637570024 0.308809668
H 1.596867681 -0.706170738 2.548172951
H -2.738305807 0.488124549 -1.077834249
C 1.360179067 -0.238329530 0.608780801
C -2.260342360 0.287251532 -0.112431183
H -0.881481469 0.516665220 -2.352213621
O -0.594276547 -0.277888477 1.949051738
H 3.052558661 -0.759946525 1.596215725
C -0.225728303 0.293274373 -1.524874806
N -0.824196160 0.146396711 -0.299983472
