25

H -1.555339336 0.925428212 1.847937584
C -0.954777181 0.950234354 0.945872068
N 1.206361294 0.249674037 -1.198131680
H -1.393502831 1.201399326 -1.192602873
H -2.662037849 0.368788958 -0.287411571
C -0.122090556 -0.350005180 0.902955532
C -0.903073967 -1.523085237 0.408512712
C 1.226727128 -0.223321065 0.152083114
H -1.089580417 -1.577386856 -0.673732817
H -1.131608725 -3.727381229 0.552555799
O -2.028867960 -1.906599283 1.188239932
H -0.287655771 1.791764498 1.031977654
H 1.495660901 1.847777724 -2.477180243
H 1.409157395 2.315465689 -0.808461487
C 1.787305593 1.537772059 -1.474236608
C -0.934983790 -2.813190937 1.105423331
C -1.907794952 1.157297730 -0.233521685
H 1.702661753 -1.217496037 0.174126923
H 1.881156683 0.444933623 0.728230000
H -0.354104996 -2.930381536 2.014423132
H -2.456271887 2.093684435 -0.109766327
H 0.414186299 -0.005586765 -1.765783072
H 0.146371782 -0.580704153 1.946578979
O 3.166838408 1.471376657 -1.323459744
H 3.345262527 0.499541312 -1.454629064
