20

C -1.285140276 0.738003790 -0.682533979
C 0.351707965 1.663866758 -0.840231240
H 0.404722065 -0.486694783 -1.846377373
H 1.296829700 2.190888405 -0.905164599
C 1.599976301 -0.617563188 1.214583397
H -1.039941669 1.868614316 -2.615596533
H 2.027929783 -0.099647149 2.065524578
C 0.407132149 -0.075226977 0.506904662
C -0.103035972 -2.511339426 0.962715805
H 0.653009534 -3.234976530 1.277828336
C 0.120475464 0.112476707 -0.977892518
H 2.296687841 -1.195353270 0.630306304
H -2.208616257 0.181946278 -0.550845563
C -0.992580771 1.989326477 -1.532868028
C -0.365244508 1.231159687 0.488197416
H -0.644484520 1.879370213 1.314299226
H -1.486845613 2.914397001 -1.226136923
N 0.249475420 -1.178976536 1.418489218
H -1.054480553 -2.798109055 1.425977111
H -0.227576628 -2.572163105 -0.127179012
