16

H -0.631415486 -0.408761621 -2.154424906
C 0.097185805 -0.288852334 -1.354231596
N 2.700035572 2.026929617 -0.421766788
C 1.738564610 1.660606861 0.105981536
H -1.185107946 1.234603047 -0.519418895
C -0.493871629 0.479065895 -0.162766278
C -0.305074602 -1.874012589 0.265469193
H 0.077560917 1.961016774 1.313959718
C -1.187857151 -0.666458488 0.587838471
O -0.224396572 -2.904519558 0.826325119
C 0.553658605 1.149029374 0.760987222
H 0.889283538 0.437300444 1.506483912
H -1.285946846 -0.527043343 1.649892926
H -2.184417963 -0.856309295 0.182858169
O 0.446958095 -1.575318456 -0.833055973
H 0.994841218 0.152723759 -1.754131794
