17

H 1.533558726 -0.131821528 -1.649225950
C -0.180714935 0.457323849 0.710830331
H 0.563814163 -1.207900405 1.879730940
H 1.804432750 -0.257762581 1.098032236
C 0.646478713 -0.775779009 -1.557804465
C -1.623202443 1.822895169 -0.281439453
C 0.728127003 -1.578454733 -0.252359957
H -0.158642709 -2.214650393 -0.189238653
H -0.482747018 1.511054158 2.539142370
N -0.682793140 1.395888925 1.566985846
H 1.603698730 -2.227720261 -0.280562520
H -2.284415483 2.302714825 -0.977410197
H 0.604666770 -1.425639868 -2.427009106
C -0.766425729 0.722466171 -0.490690947
O -0.532630444 0.026499152 -1.641555786
N -1.567428231 2.230686188 0.979268730
C 0.794223368 -0.649799824 0.973306537
