21

H 2.717942238 1.956207514 1.774755239
H -2.020680189 1.033440590 0.074000843
C -0.267700642 -0.149106279 -0.747536361
H -2.254889965 -3.007120132 -1.131361485
H 1.622017026 2.031873703 -0.453835428
H -0.524241209 -1.951684356 0.370399386
O -0.596668780 0.515628278 1.592721939
O 1.124446154 0.006575662 -0.422229618
H -0.461240947 0.225345746 -1.765880227
H -2.157311916 -1.627899408 -2.231509209
H -2.807907820 -1.422618985 -0.599545717
H -0.193106085 2.600092411 1.242933393
C -0.631054997 -1.624639869 -0.669647276
H 0.112264708 -2.187321186 -1.250054598
C -2.038911819 -1.935848951 -1.189436316
H 2.167358398 0.289952308 2.014283657
C -0.995399535 0.748061597 0.235018477
C 1.354915142 1.234758019 0.262746900
C 2.475499868 1.014420748 1.264177203
H 3.368321657 0.650190115 0.766191065
C 0.006347575 1.599692583 0.863808692
