16

H 1.203332424 0.688333869 -2.081871986
N 0.642368734 0.480681747 1.129572988
H 1.176669836 -1.658662200 -0.311334968
C 0.389223158 -1.016919255 -0.685941577
C -0.427213281 -0.207939819 0.409290940
H -0.928465903 1.844413042 -0.406422883
H -1.437486887 0.479857326 -1.478923678
H -2.353485823 -1.234304547 0.609891057
O 2.589328051 1.431178927 0.259584755
H -0.240126640 -1.515461445 -1.420281053
H 0.829542160 0.307739168 2.088768959
O -1.494983196 -0.927428842 2.403131723
C -0.710119426 0.821136594 -0.740188241
C 1.512904167 0.902203321 0.142945081
C 0.760623038 0.443274558 -1.128218651
C -1.512110949 -0.838102341 1.209997177
