14

H -0.399970919 -0.700584590 -2.376129627
C -0.720961154 0.240997165 1.819077134
H 0.988081574 -1.555874944 -1.722131133
O 1.368882298 1.096374035 -1.483767033
H -1.286633611 0.042686556 2.706125498
C 0.741219580 0.833265066 -0.486223400
H -0.651602387 -2.086075544 -1.294250846
H -1.306184769 -1.524932742 0.760342956
C -0.741579354 -0.609979868 0.760739565
C -0.025081355 -1.219644189 -1.509535670
N -0.023840211 -0.329453886 -0.362864941
F 1.374619484 2.752688169 0.669443190
C 0.669750273 1.660577893 0.725407541
N 0.013300586 1.399956584 1.793766618
