15

O 4.241576672 -1.368746161 -0.092644677
C 0.935314715 -0.421283007 -0.195879161
C -0.040022992 0.205161273 -0.943795919
H -2.306113958 1.550244927 -1.286934853
N -1.088690639 0.386476219 -0.075021788
H -0.077486165 0.477743775 -1.971272945
N 0.505050480 -0.615605414 1.100379467
H -1.353602052 -0.106888697 1.991571069
H 2.842941523 -0.829064786 1.283171535
C -0.707667708 -0.134711638 1.127433896
C 3.167134523 -1.017605066 0.251664162
O 2.140099049 -0.786076069 -0.641456127
H -3.127831459 0.150324374 -0.573562205
C -2.391653061 0.942419350 -0.392409861
H -2.739048958 1.567610979 0.418757766
