19

C 0.651931643 -0.088822559 0.518953323
C -1.385607123 -0.109837025 -1.052061558
C -0.216127113 -0.891792893 -0.453786105
O -0.248686761 0.424784780 1.519179225
H 0.035944629 -1.580130458 -2.210087538
H 0.805884540 1.832818389 -0.462133884
C 0.238179252 0.546690822 2.778738737
H 1.244398594 0.133914083 2.879515886
H -2.629761219 -0.519599080 -2.524946213
H -0.648546875 -1.725579023 0.108768545
H -1.033906460 0.818529904 -1.492739439
C 1.463030934 1.024542212 -0.108646840
H -2.119800568 0.130608708 -0.280883253
H 1.339987755 -0.803940535 0.989241600
H 2.166450024 1.462550879 0.601928174
O -0.392771631 1.033839345 3.668795109
O -1.920646310 -0.971815765 -2.051064014
H 2.016448259 0.642977774 -0.957158089
O 0.633598626 -1.359739661 -1.471614242
