17

H 0.747977853 0.581852436 1.300851583
H -1.072963476 1.882280111 0.789725959
C -1.731623173 -1.152910471 0.728430629
H 0.773645520 -2.034685850 0.069294490
O 1.505842328 -1.464858294 -0.168969795
H 1.000710726 1.571231961 -1.581281304
H -2.443235397 -2.103237152 2.639202356
H 1.610979319 -0.754824579 -2.097481012
C -0.345889241 -0.136674628 -1.212430239
C 1.123793006 -0.573779762 -1.147931457
C 0.787193954 1.403649569 0.591463208
H -0.783398032 -0.011296272 -2.192671776
C -1.183314919 -0.649775505 -0.233995616
H 1.723968267 1.931530595 0.758564949
C 0.776017487 0.839112401 -0.812936544
O -0.236178979 2.349936485 0.825806439
C -2.253525019 -1.677550793 1.744358540
