19

C 0.378712595 -2.292818069 -1.300323486
C 0.901407838 0.877740979 1.766059637
H -0.453146100 2.321040869 -1.156993032
H -0.149077594 -3.034709454 -0.706882417
C -0.261052817 1.427119136 -0.587768376
H 1.256987453 -0.059284598 1.335044384
H 0.523549378 0.673815846 2.768410444
H 1.451438665 -2.437869787 -1.173969865
C 0.430087119 0.283020973 -1.254414082
C -1.310496092 0.768776536 0.283202618
H 1.244917274 0.440862924 -1.949314117
H -0.461442590 2.498222589 1.288076282
O -1.807990313 -1.586254716 0.624152601
H 1.765234113 1.538517952 1.864138842
C -1.151452541 -0.712030351 0.098011836
C -0.043423917 -0.920124888 -0.886711419
C -0.150494829 1.528657913 0.920823455
H 0.148376510 -2.473087788 -2.348754168
H -2.312134743 1.158403993 0.417210996
