19

H -1.987562299 0.068074971 -0.883739054
C -1.456679225 -0.864942968 -0.734732091
C 0.091737978 -1.995933056 0.709394217
N -0.415043116 -0.706908286 0.260360837
C 0.132730290 1.569687605 -0.618522286
H -1.067435741 -1.212097406 -1.702391863
O -0.811700463 2.100349426 0.267845243
H 0.580731571 -2.577075958 -0.086261727
H -0.675809205 1.706740260 1.136148214
H -0.367896974 1.440897226 -1.581128955
O 1.199355841 2.450741529 -0.836199939
C 0.657956839 0.194228619 -0.148746133
H -0.733817756 -2.580913305 1.097680092
H -2.172010183 -1.603358388 -0.388519049
H 0.816127598 -1.858572245 1.527262092
H 1.222693563 2.967513323 -0.037444271
C 1.527024746 0.439488411 1.016570449
N 2.165735960 0.662228405 1.959643126
H 1.293860078 -0.200148657 -0.957219005
