16

C -1.020480275 0.402706385 -1.652641416
H -1.676195741 -0.440894872 -1.447768569
C -1.253120065 -0.555576980 1.098183751
H 0.357438982 -1.868728995 -0.732623219
N -0.293035716 1.056240082 -0.547179639
C 1.548378944 0.920542359 2.457882643
C 0.033229247 -0.018408464 0.495271057
H 1.116370559 0.663229465 -2.269206047
H 2.149091721 1.282278061 3.247826576
O -1.755256534 -1.587942362 0.786776364
C 0.432407081 0.212505609 -1.570350528
H 1.842455387 -0.957575560 -0.335033357
C 0.786098421 -0.870485902 -0.557581365
H -1.402030826 1.116694570 -2.369405270
H -1.727560043 0.123965330 1.848989487
C 0.862209201 0.521450937 1.546859622
