20

C -0.685162842 0.556598127 -0.625388026
C 0.275242627 -3.235247850 -0.538508534
H 1.828523278 4.067598820 1.030812383
H -1.751932621 0.439457357 -0.416837543
C 0.768176496 3.929954290 1.231114507
H 0.249099836 4.825874329 0.881539822
H 1.325887918 -3.170665503 -0.804434538
H -0.384510934 -1.764226437 -1.999301076
H 1.122412562 -0.601004362 -0.367940843
H 0.642233729 3.875796556 2.307943821
C -0.459561735 -1.944516897 -0.923895478
H -1.536665201 -2.060579538 -0.713929892
C -0.186431438 1.764481664 0.039623890
C 0.246954948 2.752890587 0.566410184
C 0.050323967 -0.721164465 -0.170164302
O -0.016615046 -0.897097349 1.235556126
H -0.942531288 -0.958952248 1.482348204
H -0.597019434 0.647374630 -1.698884845
H -0.154943168 -4.099933147 -1.054732323
H 0.206518516 -3.406638384 0.538668036
