16

C 0.189746290 1.000314474 -0.264369786
C -0.005521118 -0.001653635 1.957382202
C -0.019849263 -1.147246838 0.966569185
H -0.399593174 0.400072038 -2.709357500
H 0.811962962 -1.829538345 1.120172501
H 1.126910925 1.373428941 -0.696038425
O -0.173048615 -1.336170554 -3.726211071
H 0.345272601 -0.137351766 2.971211672
C 0.122005172 1.276812673 1.230286002
C -0.150258929 -0.704086065 -2.706598282
C 0.087484658 -0.505696535 -0.395987272
H -0.940707445 -1.732129574 1.057134628
H 0.591046393 2.154486418 1.653383136
O -1.109580398 0.883769274 1.803172112
N 0.150345057 -1.213733196 -1.464164615
H -0.626215219 1.518722773 -0.796584785
