18

H 2.490164042 -1.077170730 -0.120254546
C 1.261755943 -0.030706031 -1.675703168
C -1.486559510 -0.762908578 1.065124273
C -0.965098500 -0.365040243 -0.280399203
H -0.787574410 -1.021339059 1.847284436
N 0.727969527 0.981930971 0.594220161
H -2.431159258 -1.309468150 1.096780658
H -2.518080950 1.151404023 0.457976967
C 0.515265107 -0.059108157 -0.364319533
C 1.548871636 -1.105162382 -0.662135243
C -0.423272043 1.552364945 1.078456163
H 2.018157482 0.747922480 -1.805352807
H 1.613097548 1.169266224 1.024336815
C -1.561655521 0.682952285 0.615226805
O -0.482597739 2.557470798 1.750836492
H 0.730331421 -0.285447448 -2.563790798
H -1.449283242 -0.714267135 -1.184244633
H 1.199668527 -2.112693787 -0.874043047
