16

H -1.632404923 -2.018199444 1.272549033
C 0.968480349 -1.238714814 1.018969655
O -0.819708109 -1.409840941 -0.598101318
C -0.008433541 0.855544806 0.073438898
C -0.627571404 1.425011754 -1.169681549
C 1.923194528 -1.732482791 1.536158681
C -1.511289954 -1.160486102 0.613417745
H -1.046056986 2.427574396 -1.111421943
C 0.860670149 1.273458481 -1.072747588
H 0.023325894 1.475331426 0.957296491
C -0.172363490 -0.610967457 0.395346791
H 2.764044285 -2.178114653 1.992201447
H 1.487881064 2.148180723 -0.964496851
H 1.313261151 0.490598887 -1.674105763
H -2.367389917 -0.495108128 0.543851614
H -1.155638576 0.748214424 -1.812675714
