15

H 3.084434986 0.785235107 1.335787535
H 0.086234465 2.306936264 -0.905504405
H -1.467109799 -2.595459938 0.260999113
C -0.357966274 1.352684379 -0.754773915
C 2.220939398 1.121522307 0.769521832
C -0.580996394 -2.042280912 0.521242619
O 2.104528427 2.206751108 0.355423421
C -1.588860631 0.830462337 -1.228729129
H -0.502497137 -1.964390039 1.614039779
C 0.159727648 0.295277327 -0.037810557
O 1.338770747 0.103204697 0.647846520
N -0.698040545 -0.733190417 -0.080827229
H 0.317129999 -2.546760082 0.152261078
H -2.325642824 1.312812090 -1.835178018
N -1.790651679 -0.432804614 -0.814298809
