19

H -0.488453537 -1.979638100 0.682769001
C -1.623557091 1.289956331 0.065512307
H 0.209783763 -1.011669397 -2.153183222
C 0.995494068 -0.547865987 -1.574198246
C 0.884746671 -0.473006338 -0.087768674
H -2.125565052 1.161525011 -0.907305002
C -0.326842338 -0.914715767 0.650319576
H 2.689105749 -1.181747317 -0.688903153
N -0.564320922 -0.135241359 1.880486608
O 1.660535812 0.445734113 -2.253459930
H -2.218349934 1.999417067 0.646365464
H 1.912125707 1.109556198 -1.582849145
H 1.186031222 0.698040605 1.371409416
H -0.906677485 -0.736402750 2.627406120
H -2.454410791 -0.527198970 0.916438460
N 1.728585124 -1.502782941 -0.723126829
H -0.647720754 1.753771067 -0.124350771
C -1.503279090 -0.017591080 0.773881376
O 1.592768908 0.569859207 0.480556935
