16

C 1.148038626 -1.241913438 0.804119825
H 1.889606714 2.464465618 0.388198346
C -1.039463997 -1.833355427 -0.235168293
H -2.484587669 -0.607085168 -1.153991222
O -1.577137232 1.681850076 -0.830062270
H 0.891442060 2.708313704 -1.058204412
C 0.892895341 2.359759569 -0.027301412
H 0.305888474 -3.140778542 0.778064787
C 0.164982945 -2.121024132 0.478041977
C 0.451148987 0.922128618 0.058627583
H -1.660406351 -2.690659523 -0.464196265
H 0.189707577 2.999921560 0.518397927
N 1.292196512 0.100079410 0.567045331
H 1.995027542 -1.654376388 1.332208514
C -0.946171582 0.690795660 -0.495561838
C -1.513168097 -0.638121307 -0.660218537
