16

H -1.722419739 1.205061316 -1.535523415
C 1.964436293 0.427449286 -0.359740376
H 2.976186752 0.786864519 -0.216877848
O -1.151070833 -2.448283195 0.022008851
C -1.090032101 0.829935431 0.456487924
H -0.775022268 1.602789283 1.163082480
N 1.365630865 0.432574153 -1.486757636
C -0.007278862 0.032366872 -1.198984742
H 1.499262214 0.257432878 1.664553046
N -0.888487816 1.178961277 -0.957970738
H -0.375585049 -0.718166590 -1.895877957
C -0.075162441 -0.349135041 0.325057298
C -0.568057239 -1.682856560 0.746662378
H -2.092282295 0.492463052 0.729653835
H -0.375010014 -1.935972452 1.805815935
N 1.314892292 -0.111483797 0.738411188
