15

C 0.143590063 -0.332905084 -0.342314214
H 1.452023506 1.751783371 0.921750844
H -0.089730963 2.430112362 1.495717883
C -0.240753651 -1.595074296 -0.692476332
N 1.512449980 -0.949227571 -1.996258140
O -1.765855432 1.053490520 2.270903111
C -1.314075232 0.298837245 1.448143244
C 0.679084957 -1.908105493 -1.734403372
H 0.317799658 2.443637371 -0.244455218
H 0.754189849 -2.823016882 -2.299796820
N -0.276540041 0.597750664 0.591170371
C 0.397710294 1.879422426 0.696449578
H -1.041263223 -2.186606884 -0.298454374
H -1.707176447 -0.724769115 1.282863855
O 1.178546429 0.064670958 -1.098840594
