25

H 0.473198146 -1.108836889 1.799652934
O -2.630975485 -0.453804612 -1.588248610
H -0.196506426 -1.116698265 -1.895381451
H -2.755589962 1.496255636 1.388360023
H -1.327749014 2.567054033 1.434797168
H 3.378124714 -0.959793091 1.162107468
H -0.311441928 -2.065391302 -0.402668566
H -2.191154242 -0.789225101 0.327221364
C -1.685058832 -0.353237748 -0.532406807
H 2.302326441 -2.209788322 0.529087484
C -1.668155432 1.543382287 1.239600420
C 0.722734571 -0.104238570 -0.218365371
H 2.757483482 0.571714640 -0.706880987
C -1.302049756 1.130495071 -0.179945529
H 1.372821927 0.418218285 1.833996892
C 1.160928011 -0.472265720 1.229686260
N 0.166625485 1.243787527 -0.381505609
H 0.369939625 1.559742689 -1.324299574
H -1.820038319 1.788967013 -0.884386480
C 2.434179068 -1.134677291 0.650607765
H -1.197508097 0.895655572 1.983696938
C -0.351036012 -1.041585565 -0.808251739
H -2.194116831 -0.154669940 -2.395399094
C 2.178138971 -0.363303810 -0.659951329
H 2.314880133 -0.887756407 -1.601124644
