21

C -0.664190590 -1.121365428 0.704523921
C 1.253225088 0.176519871 -0.990325212
H 0.066973940 -1.121291637 -2.464091778
H -1.874374509 0.502815306 -0.999722719
H 1.678845525 0.818883479 -1.778395534
H 2.039489746 -0.357951701 -0.464736015
H -0.436143726 2.765580416 0.799931228
H -0.738292396 -1.712784767 2.759122372
C 0.452937186 2.341214657 0.343867660
C -0.359133333 -2.095209837 1.808445811
H -0.715478420 1.325044036 -2.059356689
H -0.822347999 -3.057096004 1.608709693
H 1.259194136 2.357906818 1.083587408
O -0.075153530 0.135170132 1.017736197
C 0.046001736 -0.633336425 -1.490408301
O -0.201492816 -1.647574186 -0.526472092
H 0.742876828 2.986042976 -0.502373755
H -1.755526900 -0.975588679 0.624840736
C -0.821877718 0.620546460 -1.246105552
H 0.717471182 -2.242212534 1.903426051
C 0.206996754 0.934687853 -0.132204279
