21

C -1.835231066 0.662402034 1.198847532
N -0.686573923 1.290227056 0.811544120
C 0.498164028 0.709830999 0.227863416
N -1.968548417 -0.634923518 0.761397243
H 1.412631869 2.654138088 -0.098960705
O -2.695134640 1.237690449 1.847931623
H 0.547221541 2.009506702 -1.503035426
H 1.943303227 -0.828132689 -1.676837087
H 0.986113369 -2.296045542 -1.521481156
H 1.210927367 0.417901039 1.016698837
C -0.818223059 -1.416339040 0.346515447
H -0.615835786 2.233103037 1.165926695
H 1.924316764 -1.708710909 -0.148834124
C 1.311335802 -1.386480451 -0.996551037
H -2.724601984 -1.107083440 1.240527987
C 0.104874067 -0.571384490 -0.532125354
C 1.185846567 1.736760139 -0.668473065
H -0.251430660 -1.809486985 1.211391330
H -0.473767698 -0.267320395 -1.414746165
H -1.181582093 -2.285103559 -0.211325929
H 2.126194477 1.359451413 -1.056274176
