19

N -0.321389467 -0.651447654 -0.523698330
H 1.749537468 1.737817049 0.057967581
H 1.307538271 -2.444710732 -1.776713490
H 0.054974955 2.653421879 2.346718073
C -0.571833730 -2.020275116 -0.786767960
H 0.448672682 1.745263696 -1.141210914
H 0.568158329 3.027832747 0.059495438
H -0.994560719 1.259815454 2.716374874
C 0.690135241 1.957859397 -0.099105865
H -0.010417906 -3.590050459 -2.123087883
H 0.771687627 1.066221356 2.692561388
C 0.234415904 -2.539391518 -1.967535853
C -0.068869762 1.577805281 2.214874268
H 0.384443253 -0.223778874 -1.070057511
O -1.317077279 -2.690375805 -0.160801262
O -1.880149007 -0.235202014 1.115850687
N -0.178285792 1.254899144 0.806620240
C -0.879586637 0.095427245 0.519128680
H 0.012606450 -1.981131673 -2.880611658
