14

C 1.007792115 -0.322249830 -0.309215873
H -1.872121096 -0.722431958 1.034255147
H -1.460564256 1.760281086 -0.224354431
C -1.070534229 0.765626788 -0.409194022
H 0.865056038 1.756461978 -0.850941122
C -1.002897739 -0.068158373 0.917768657
C 0.273205996 -0.800263047 0.716395497
H -0.971093059 0.569099009 1.818740726
N 2.164555073 -1.052877665 -0.349378765
C 0.369894356 0.805777609 -1.035218358
H -1.747985005 0.278773934 -1.101722002
H 0.337225199 0.675005674 -2.114804268
O 0.933149457 -1.757939219 1.338882804
N 2.174316406 -1.887106061 0.568785965
