17

C 0.884521365 -0.140912488 -0.895572424
C 0.061388336 -0.597704470 0.226399601
C -2.749808788 1.069714785 -1.115645409
O 0.879007041 -1.510068297 -0.517056227
H 1.885651350 1.692574978 -0.455266893
C -2.157998085 0.216217786 -0.523066461
H 0.865933597 -0.919760048 2.233037472
H 0.481658965 0.101052113 -1.865857601
H -1.646511197 -1.799495578 -0.298656851
C -1.439454436 -0.842299521 0.184671208
C 0.749554634 -0.127878070 1.477961421
H -3.268498421 1.828673363 -1.661307454
H 0.166540235 0.692923486 1.928219199
H -1.810030222 -0.925025761 1.208225965
C 2.043804646 0.620498359 -0.291461110
O 2.046293497 0.290964276 1.076225877
H 3.007948160 0.350525111 -0.710850298
