19

O 1.465458751 0.787336588 -0.969986379
C 0.615149438 1.027871728 0.969007671
H 0.973194897 1.430324078 1.906915903
H -1.020672083 0.180092931 2.115422487
H 1.546776533 2.719923735 -0.133348793
H -0.037367459 -2.483545780 -1.567420602
C -0.752574742 0.334421128 1.072702050
H -1.545183301 0.921226501 0.620709300
H -2.320884228 -1.013654947 -0.924230039
O 0.830399096 -1.213251710 0.176954165
H -0.031192629 2.253613949 -0.793738961
C -0.581397176 -1.024631858 0.350914031
H -0.861260116 -0.293997049 -1.658857703
C 1.494656563 -0.009512654 0.234361038
H -0.947832286 -1.854746699 0.955760837
O -0.984675109 -2.358271360 -1.615408778
H 2.522596359 -0.189845398 0.553180277
C -1.226991177 -1.107712150 -1.020858645
C 0.861798644 1.894360065 -0.272077531
