17

C -1.053083539 -1.012562275 -0.151816800
C 1.500415683 0.613580644 0.167753696
H -3.132123709 -0.351836115 -0.395510495
C -1.179314137 0.464110821 0.185858026
H 1.126613975 -1.403434634 1.010392666
H -1.225118518 -1.891383529 0.444688946
H 2.288273811 0.995471120 -0.482162774
C 0.122734748 0.682028830 -0.571603298
C 1.615815282 1.213425875 1.465623379
H 2.238621712 -1.434140325 -0.366733015
N 0.223257005 -0.802312970 -0.881148994
H 0.082871050 1.381768823 -1.397133112
C -2.130151987 -0.203154564 -0.803438544
H -1.525412679 0.989804983 1.063919663
C 1.379826665 -0.930913210 0.059432827
H -2.084566832 -0.001243876 -1.854016304
N 1.751341581 1.690790296 2.505894184
