17

H 2.083556414 0.489796489 1.087162733
H 2.319465876 -0.540470183 -0.329237580
C 0.721571386 -1.189096093 0.977051377
O -1.787963152 -1.012653589 0.605454922
C -0.892961204 0.998499811 0.325018138
O 0.589455485 -2.195637703 1.620207429
C -1.990060091 0.096776485 -0.302529305
H -0.672910392 -0.905078530 -1.995211482
H 0.837284863 1.424729109 -1.059870362
C -0.459693104 -0.527872324 0.353362620
C 2.091130972 -0.557862818 0.746396959
C -0.234668136 1.258707523 -1.046763420
C -0.740999341 -0.194661319 -1.176804662
H -0.983755350 1.635590196 1.187893510
H -0.728888512 1.983558297 -1.684806585
H 2.850592852 -1.119037032 1.288498521
H -3.001158476 0.354711056 -0.595822811
