17

C -0.390484601 1.275758624 -0.845254481
H 1.828939676 1.452545047 -0.743126452
H 1.336199403 -0.946237028 -1.665233493
H 0.331995219 2.242642641 1.185275555
C 0.993207753 0.814501405 -0.490690112
C 0.069883578 1.376744866 0.592909575
N -0.967931092 0.414796472 1.066089749
H -0.649072230 2.047837257 -1.560598373
H -2.244257450 -0.057442840 -0.675232768
C -0.450939894 -0.963368595 1.309794426
H 1.892545819 -1.126834154 -0.012920536
H 0.443812251 -1.026165366 1.934136987
C -1.215985060 0.074044161 -0.381754994
C 1.110808730 -0.681110859 -0.622132540
H -1.230810285 -1.571933270 1.763164639
C -0.285770655 -1.185955763 -0.208295047
H -0.572141111 -2.139822960 -0.646132290
