25

C 0.765921652 -0.214256912 0.766278386
H -2.114466429 0.095729582 1.632077098
C 0.417858213 1.254609108 0.669389606
H 0.694108188 -0.680817842 -2.078868628
C 0.512905359 -1.561518908 -1.446265340
H -0.166137055 -2.099666595 0.488963693
H -3.003975153 0.815923035 0.303782016
H 0.540916264 -0.475349873 1.813391328
H -1.653302193 -0.312923640 -1.359699845
H 1.462479591 -2.086320877 -1.325647712
H 0.111527517 2.959904909 -0.744791806
C -2.005984783 0.461536765 0.614510834
H 2.617845535 -0.140898660 -0.398198575
C -0.108316973 -1.164470792 -0.099781707
H 1.069679022 1.890990734 1.255775809
H 2.548669100 -1.477416277 0.748798728
H -1.359477758 2.486315489 1.205217481
H -0.165221408 -2.224761009 -1.996104598
C -1.556104183 -0.663601696 -0.328229696
H -2.246066093 -1.498609066 -0.243380740
H -0.281429797 1.349739552 -1.471478701
C -1.029259682 1.638467789 0.633187413
H 2.829532623 0.159239247 1.324702263
C 2.275686026 -0.435378283 0.596002519
C -0.157387987 1.923534393 -0.559629679
