20

H 2.261649132 0.426628083 0.467600226
H 1.163725972 -1.823075533 1.494628906
C -0.207834080 2.015212297 0.436577350
C 0.227978542 0.838588953 -0.427331984
H 0.525104284 1.220300317 -1.404070854
H -0.541109324 1.714822412 1.418693185
H 1.304708481 -1.004009366 -1.923343539
N -0.045382522 -1.550063610 -0.261308283
H -1.018575072 2.570730925 -0.036687370
C 0.555903494 -1.045267582 1.029218435
C -2.153676987 -0.407965273 0.048094396
C 1.303418636 -1.218540668 -0.844684243
O -2.538679361 0.309828341 0.926247001
C 1.341236830 -0.057346456 0.143240839
H 2.000607967 -2.029199839 -0.648676395
H -0.161529928 -0.655883670 1.762225389
H -2.774631977 -1.264317393 -0.314177305
H 0.623434544 2.708126783 0.557075202
H -1.048991203 -0.418445617 -1.742806196
C -0.817357063 -0.330122203 -0.680514336
