21

H -2.637297869 0.135980025 -0.313495129
H 1.591868401 1.101427197 2.371169567
C -0.684631765 -0.376597196 0.690056622
C -0.893384457 1.511923075 -0.140016556
H 2.514997721 -0.772828877 0.425178468
C -1.559566617 0.110144325 -0.428211212
H -0.752563953 1.379048109 2.091392994
H 1.755539775 -1.243257046 1.955410838
C -1.093132615 -0.762690246 -1.627208710
H 1.101737738 -1.064611912 -1.730110645
H -0.960897148 -0.177602887 -2.528746605
H -1.594751835 2.341928244 -0.022010842
C 0.236378089 -1.465510249 -1.186380148
C -0.274605006 0.958786964 1.205273867
H 1.788532853 1.489306211 0.671223760
C 0.370911568 -1.077122808 0.265969753
H -1.859120607 -1.507173061 -1.840095282
H -0.135654479 1.797791004 -0.860417962
C 1.276579976 0.833184063 1.363273025
C 1.607352018 -0.674872100 1.030509591
H 0.201708108 -2.537252188 -1.392765284
