14

H 1.841229916 0.877802610 1.397834063
O -2.087274790 1.564672709 0.754114568
N -0.779142141 1.822938323 1.190293670
O -3.153790236 0.124305323 -0.617171645
C -2.112651110 0.453104198 -0.116290934
C -0.068479441 0.882349610 0.610020876
N 1.279657841 0.668161809 0.589682937
C 1.515257955 -0.609087884 -0.111046091
H 1.824097991 -1.389974236 0.583643973
H 0.207668826 -0.878449142 -1.879796982
H 2.300363541 -0.485421866 -0.854298532
C -0.781948805 -0.019000081 -0.167044088
C 0.134847850 -0.989465952 -0.788006008
H -0.119837552 -2.021935225 -0.591935992
