17

C -0.116170205 -0.661971867 0.677873135
N -0.558752120 -0.246476725 -1.642396212
C -0.398744792 -0.442933291 2.246039152
H -0.017739493 2.094946384 -0.862826884
H -2.098352432 0.215709776 -0.208638966
H -0.923306644 -1.154325843 -1.921862721
C -0.093039960 1.343522191 -0.049681466
H 1.971539617 0.373341292 0.413464814
C 0.907437801 -0.289074957 -1.450924873
H -0.075310498 -1.746994853 0.475347698
C 0.968979418 0.239162073 0.003674872
O -0.924666643 -1.416969299 2.780482054
H 1.324300647 -1.284129977 -1.574176669
H 1.391889691 0.378075361 -2.151753902
H -0.251702279 1.761056781 0.944936514
C -1.034372449 0.147183225 -0.318870872
O -0.071989603 0.689879835 2.639314651
