19

C 3.322635651 -0.344631135 0.173557490
O -3.632385969 0.610488057 0.791995347
H -2.032359600 1.196463108 1.871974945
H 3.547054052 0.207729504 -0.749246955
H -1.418679595 -1.957054019 0.933282971
C -0.958108723 -1.302623749 0.215857312
C -1.424192548 0.116924919 0.056674439
H -0.763036489 0.253927618 -1.998987913
H -1.322643399 1.786041737 -1.314573050
C -2.446629524 0.663662374 0.992122650
N -0.188186541 -0.212514549 0.746313691
H 3.985864878 -1.214407921 0.199311435
H 3.577289581 0.308389187 1.022565484
N 1.964161754 -0.807803273 0.219334990
C -1.492665052 0.713001370 -1.333986640
H 1.277758956 1.146581888 0.237784892
H -0.581572711 -1.799780607 -0.680263937
C 1.081489801 0.086963609 0.343152732
H -2.495794296 0.548641980 -1.726869702
