18

C 0.399431676 -0.619601071 0.445423335
H 0.087923266 -2.137973309 1.934667110
C 1.322123051 0.347531170 -0.271699846
C 0.883386791 -1.492579103 1.558142781
N -2.849644423 -1.976226091 0.740214407
H 2.109714508 -0.192635402 -0.816747785
C -0.720764995 1.903645992 -0.646758974
H -1.132539392 2.700875282 -1.248204470
C -0.847867250 -0.549087405 -0.037931174
H 1.832736492 1.002134442 0.439315587
C -0.972131491 0.489026666 -1.107257128
C 0.400129408 1.094832897 -1.234659433
C -1.939552546 -1.337173939 0.403817326
H 0.800120533 1.389117599 -2.198667765
H -0.722231925 2.099070787 0.416657001
H 1.272080541 -0.895762324 2.373809576
H 1.705769658 -2.127989292 1.209047556
H -1.628683567 0.302793056 -1.959168077
