18

C 0.970236540 0.338160545 -0.173175350
H -1.587269545 -1.198174238 -0.785743594
C -0.131649971 0.414050609 -1.224992871
H -0.082509525 -1.761457682 -1.586955547
C -0.266866207 1.273926258 -2.406612873
C 0.283316672 -0.923225939 0.421339244
C -0.522219479 -1.023343325 -0.914619088
O 1.122303724 -1.993243337 0.761956811
H 0.873555660 0.335571229 2.645969868
H 0.508043647 1.998499990 -2.600230455
C -0.172982305 0.452983499 2.348102570
H -0.305792928 1.433755398 1.875697136
H 0.603802860 -2.493762016 1.391993761
O 1.972513795 0.955310047 0.042596128
H -0.805779278 0.901458859 -3.261308193
O -1.047033072 1.500649095 -1.219582915
H -0.819999814 0.378947705 3.221771002
O -0.591670454 -0.590106666 1.463794708
