15

H -1.076257348 -3.051084757 2.403668404
C -0.406662077 -0.645751536 0.359092355
C 0.239234909 0.751132607 -1.600617647
C 1.536923289 2.278846502 -0.583180130
H -2.630592585 -2.391237974 1.918701649
H -0.262685239 0.262265295 -2.415538311
C 0.254555345 0.430819064 -0.252223253
C 1.085822105 1.405022740 0.387444556
H 1.172331214 2.302888632 -2.661158800
H -1.793312311 -3.512601614 0.855530918
C -0.955608666 -1.564638376 0.906328797
N 1.002378225 1.858879447 -1.778863668
C -1.653007984 -2.689612150 1.544278860
H 1.317723393 1.432392955 1.438611150
H 2.169157505 3.132678747 -0.522075236
