14

N 0.528400958 1.498384833 1.370932460
N -0.646174431 1.683925748 1.940673232
H 2.185676575 -0.309821367 -0.665257037
C 0.678137600 0.600463212 0.385026515
C -0.419452429 -0.168569684 -0.071835183
N -1.711003661 1.016297698 1.564571977
C -1.602883697 0.105469808 0.582863271
H 2.639198303 1.013753653 0.293407321
H 0.097249083 -0.731664181 -2.093018293
C -0.291845053 -1.180892587 -1.174151659
N 1.907053590 0.511940479 -0.160345167
H -2.514917850 -0.419468164 0.316551715
H 0.402260065 -1.985374331 -0.897229552
H -1.251698852 -1.634445190 -1.392189741
