23

O -0.298299938 1.068524003 0.084605567
C 0.403234273 -1.203540444 0.760817647
C 0.533188999 1.557324290 -0.962164998
H -0.909188271 3.083297253 -1.364915490
O -1.146913290 1.414241195 -2.617709160
H -1.572314143 -1.560371280 1.489856720
H 1.214233398 -3.019743204 1.625564337
H -0.953390002 -2.828162193 0.432448804
C -1.013537526 -1.738512874 0.561863959
H -0.147548661 0.460183799 2.006325006
H 2.186034441 -1.596091986 1.958685279
H -1.627163887 -0.288484693 -0.522913098
C -0.332870424 2.335457325 -1.927240849
H 0.933065593 -1.341099620 -0.196661532
C 0.380124599 0.303988934 1.071464896
H 1.315286517 2.213652134 -0.551810682
H 1.013371110 0.719730735 -1.490285516
C 1.157123089 -1.949358463 1.852209806
H 0.663319945 -1.837869644 2.825073719
H 1.395388007 0.690308034 1.202203274
H 0.331288308 2.876515388 -2.627392769
O -1.674398780 -1.251069546 -0.569678843
H -1.850033402 1.891080856 -3.040346384
