19

O 0.387111038 1.574938416 -0.830969810
H -1.079346776 1.478366733 1.270069599
C 0.972950876 0.269882560 -1.050951719
C -1.546364784 0.836886048 0.509573102
C -0.332829118 -1.184160709 1.687867045
C -0.942257106 1.040864825 -0.878499329
H 2.984649897 0.657785654 -0.419399321
H 2.522712946 -1.044396877 -0.345730394
H -0.797421396 -0.851165295 2.642487049
H 1.949280500 0.060638539 0.879190743
C -1.053444862 -0.638849974 0.480336517
H 1.285256624 0.202707201 -2.107172251
H -1.547157764 1.504018068 -1.656275511
C -0.391763091 -0.417619288 -0.914067447
H -2.636106253 0.953158379 0.558952391
C 2.171572685 -0.033248007 -0.172729075
H -1.902079940 -1.321735382 0.353817075
H -0.641527653 -1.149284720 -1.673576951
O 0.596763968 -1.938786507 1.667078137
