16

H 1.039212465 2.073798418 -0.569665968
N -0.081205465 0.449923992 1.207700133
H -0.567009866 2.028470755 -1.236275434
C 0.863625050 0.892337859 -2.398511410
H -0.443970203 -0.277925074 3.735120296
C 0.316639781 1.423828006 -1.065479040
C -0.643538415 -1.604217768 0.555957258
H 1.750887036 0.291548997 -2.254794598
C -0.645269692 -1.129017353 3.055973053
C -0.034874693 0.369153380 -0.079061568
H -0.940743148 -2.623008728 0.416814089
H 1.106526375 1.724993944 -3.050914288
O -0.388014555 -0.867227972 -0.537500739
C -0.480144799 -0.808385551 1.642035007
H 0.114900716 0.275989115 -2.896457672
O -0.967020631 -2.220261812 3.475061417
