21

H 1.344090581 0.738559008 -3.323164225
C 0.515155673 -0.294086009 -1.633387327
H -1.688284159 0.230253145 3.065022469
O 0.717484415 -1.426571608 -1.212587953
H -0.967362940 1.620256066 0.880556047
H 1.493077517 1.796673894 0.885656536
C -1.176936984 -0.624433458 2.620836020
H 0.755346179 -0.908065557 -3.680002213
H -0.624027312 -1.410959244 0.679482341
C 0.571151614 0.004026208 -3.123236418
H -0.375430852 0.446737438 -3.448794365
C 1.050070286 0.862030149 0.599711537
H 0.167573109 1.813090920 -1.249468446
C -1.124421358 -0.544022381 1.096494675
H 1.643250108 -0.948794901 0.357697189
C 0.277065575 0.858547270 -0.735417247
O 1.877424955 -0.196600780 0.928306162
H -0.162124887 -0.663385868 3.029872417
C -0.440568924 0.719971061 0.623175859
H -2.150254488 -0.550231755 0.696248233
H -1.702278137 -1.522993684 2.942998648
