18

H 3.290834188 -0.262114048 3.575428247
C -0.930477500 -1.403674603 -1.628666401
C 0.838230908 0.325046748 0.882035911
H -0.223351151 -2.215532541 -1.792207837
C 1.795528293 0.082408808 1.922247529
N -1.726332784 -1.215148211 -2.820625305
H 0.496200204 0.137506649 -2.052935123
H -1.203587055 -0.922695518 -3.587422132
C -0.118497148 2.086631536 2.207953930
C -0.141496196 -0.139533594 -1.221735239
H -1.579850912 -1.692420006 -0.809177458
C 2.574302435 -0.087274320 2.815713882
H 0.223833442 1.503985643 3.066229582
N 0.701041996 -0.456352472 -0.107415192
O -0.661337137 3.137471914 2.285210133
O 0.116905347 1.474020600 1.013988972
H -0.813426852 0.688610017 -1.028053999
H -2.638520479 -1.040936828 -2.720570087
