18

O 1.023440242 -0.647502601 0.731888890
H 0.882991076 1.278485894 -2.608371496
H -1.544243336 -2.303550959 -0.727672517
N -0.175140768 -0.028111730 -1.265096664
H 1.255690813 0.679857254 2.228751898
O -0.275871515 2.602921963 1.298282743
C 0.203943744 -1.100241661 -0.320891470
C 0.471457005 0.353612304 1.544776797
H -0.798999727 -2.591451883 0.856465936
H 1.835708022 0.808927715 -1.102071285
H 0.833633423 -1.801126957 -0.875270128
H -1.054779410 1.944751620 -1.117822528
C -0.279698789 1.324936390 -0.697875619
C -0.033648692 1.560467839 0.754968405
C 0.867497861 0.924311519 -1.582910180
H -1.787126541 -1.146935821 0.580855191
C -1.061490059 -1.833129764 0.136697814
H -0.363363504 -0.026221063 2.165294170
