16

O 0.776767910 -1.038379431 0.662659049
H 0.653368831 -1.016845822 -3.254102230
H 1.157384753 -1.432357311 2.622262478
C 0.630436480 -0.783996284 1.967487693
C 0.033539709 -0.088618964 -0.015125046
C -0.591916978 0.749745309 0.886070251
H -1.486070395 2.542482853 1.186946630
H -0.445566684 0.721405029 3.131858110
H 1.821437836 -1.111215711 -1.925337553
C -0.171983361 0.305216849 2.180684805
O -0.649704397 0.786196828 -2.043877125
H -1.450480819 1.983078599 -0.426486433
H 0.417128921 -2.138226032 -1.890832186
N -1.447591662 1.758562088 0.564892352
C -0.015009097 -0.079989433 -1.458128214
C 0.768258870 -1.157058954 -2.188972950
