23

H -2.200181484 -0.892277896 -0.435795844
H -0.697271168 -2.500655413 -0.626144886
C -1.678119183 0.047014877 -0.286580205
H 1.385782242 0.833283365 -1.539959073
H 1.501376152 -0.831637800 0.500398934
C 0.552969754 0.542257071 -0.895835698
C -0.850913942 0.477643728 -1.538246512
H 1.955803275 2.473758221 0.990448415
H 2.106883764 0.801858068 1.527308106
H 1.008927107 1.888544798 2.354551792
C 0.247530118 1.264254093 0.448997855
C 1.390704393 1.624007702 1.377877235
H -1.159511805 1.455929279 -1.920458913
C 0.589933038 -0.798490703 -0.096062683
H -0.947010577 -1.330648780 2.114830256
C 0.342923492 -2.181454897 -0.720436513
H 0.958414912 -2.945114136 -0.237039745
H -2.404456377 0.794638157 0.021333527
H -0.393819898 2.138703585 0.330729127
H 0.576814055 -2.195290565 -1.776428580
C -0.520895600 -0.055507246 0.724640012
H -0.919586301 -0.238368884 -2.356454849
O -0.846295834 -0.372447014 2.038327932
