14

C -0.142042682 -0.444828779 0.749448776
H 0.896852136 -1.170199752 4.209455013
C 0.641900539 0.594233274 0.025063582
C 0.217013851 0.786713660 -1.415827990
C -1.514773846 -0.783096552 -1.006740928
H -2.349747896 -1.264695883 -1.500548840
N -1.179856896 -1.073907375 0.219640955
O -0.933340073 0.114356905 -1.821332455
H 1.703801155 0.348847806 0.023532029
C 0.236296147 -0.733210862 2.086672306
C 0.592833936 -0.954806387 3.212861776
H 0.568688810 1.532884836 0.564455271
N 0.837531865 1.531702399 -2.213161707
H 0.424843043 1.516006827 -3.133518219
