19

C 0.731224775 -0.401501298 -1.426554561
C -0.756183743 1.231754541 -0.163115293
H -1.841758728 1.334005594 -0.277419180
H 0.058743030 -1.148817301 1.728598475
C 1.964019656 -0.909815311 -1.273168206
C -1.458621502 -1.206428885 -0.650998175
H -0.262336820 1.986698985 -0.771866441
H 1.574446678 0.772329688 2.376988649
C 0.166314378 -0.300528586 1.084445119
H -1.906433940 -1.011096716 -1.637625456
C -0.295349449 1.128088832 1.299182296
C -0.294220477 -0.257514596 -0.379749179
H -1.129453540 -2.243261099 -0.628869355
H -0.839325905 1.545981407 2.137560606
C 1.156259060 0.800317705 1.380634904
N 3.045208454 -1.328533173 -1.099063158
H 1.845011830 1.131182432 0.610687852
H -2.235956907 -1.072191119 0.095919490
H 0.478413194 -0.050671518 -2.405588627
