15

H 1.805832982 -1.302539229 -0.778302133
C 0.799024880 0.951799572 -0.647637963
H 1.755720973 0.975936115 -1.173887372
C -0.113563843 -0.231744409 -1.115775824
H 1.687344670 0.281306118 1.430324674
N -1.372951508 0.432220489 2.033856869
C 0.865248144 -1.127038598 -0.259712517
H -0.324498028 -0.438507825 -2.166598558
H 0.362298965 1.946503043 -0.599815607
O -2.599544048 0.326573133 1.410393000
N -2.499295712 0.015748380 0.050340336
H 0.476011604 -2.053587198 0.144176647
C -0.532275081 0.173092887 1.092035413
C 0.912374437 0.114867114 0.693894625
C -1.221728563 -0.064629585 -0.113291584
