18

O -1.539715290 1.673904896 0.258095622
H -0.742916703 -1.433831692 -1.006140947
H -0.197924212 -1.905516744 2.339892149
N 0.160697430 -1.020889282 -1.245209813
C -0.840303242 -1.249994397 1.722357988
C -0.019296031 -0.188383445 1.054833651
H -1.373728991 -1.889096618 1.023169756
H -0.015396462 0.980824828 -3.146706343
H -1.580405235 -0.782701969 2.381746769
H 1.964219451 -0.708583772 -0.092904128
H 1.203667879 0.044068232 2.545422077
H 1.520682454 1.449299574 -2.402707815
C 0.893844843 -0.526173830 -0.156206280
C -0.740789533 0.812974989 0.091473393
O 0.672076702 0.610681653 1.992295265
C 0.452776372 1.339971781 -2.231539726
C 0.144570962 0.452206939 -1.080227971
H 0.037939858 2.341239214 -2.047645569
