23

H 2.102621078 -1.897754550 0.611942947
C -0.925612628 -0.969859898 0.844467461
H 2.224451303 0.216977865 1.617199540
C -2.013494968 -0.929613292 -0.205416918
C -1.969513297 0.112236515 0.870547235
H -1.040598631 -1.735641360 1.594044924
H -1.755830646 -0.601823032 -1.203624725
H -2.711687565 0.077965379 1.664238214
C 0.554443419 -0.724872649 0.584444463
H 0.475099057 -0.714858651 -1.568396211
C 1.128087282 0.092175864 1.739220262
H -1.660597682 1.105518818 0.572180986
H 1.623238325 1.885917544 -2.363753557
H -2.771636963 -1.701218247 -0.178659827
O 0.345588952 1.231137991 -0.847357929
C 0.567023516 1.846440792 -2.102638721
H 0.941329420 -0.413322777 2.680527925
O 1.150021076 -2.021495342 0.546016037
H 1.957493424 -0.043837897 -0.898401558
H 0.165642500 2.859801769 -2.043498993
C 0.863498509 -0.074242197 -0.774668396
H 0.049077358 1.303568244 -2.914057255
H 0.701357603 1.096799135 1.775644541
