13

C -1.453719854 -1.240768909 -0.067574129
H -1.846209645 -1.920615554 0.670236170
C 0.755876184 0.257685065 0.658988118
N 1.317207575 1.151602387 -0.129704788
C -0.383594036 0.240981981 -1.228964448
N 1.289900899 -0.047940060 1.895332932
H 1.985792160 0.624465287 2.185153723
N -2.062144756 -1.170571685 -1.228222370
H 0.900763869 1.716129899 -2.076208591
O -1.352131128 -0.204715833 -2.006711721
C -0.368133575 -0.350659728 0.019191630
N 0.594975293 1.146645546 -1.321886897
H 0.621416807 -0.202238500 2.630370617
