15

H -0.609178782 -3.177469492 -0.924591005
C 0.739737213 -1.614486337 -0.330576330
C 0.829347193 -0.264506996 0.052486714
H -0.978573859 2.118925095 1.344729781
N 3.134487867 0.731887460 0.654119074
H 0.660646021 2.330137253 0.722721815
H -0.746630490 2.579390764 -0.318073660
C -0.326067775 0.517099738 0.090956524
N -1.632728457 -1.416823864 -0.621159315
C -1.518249989 -0.133540154 -0.266357332
C -0.497554630 -2.135813475 -0.641171634
H -2.445379972 0.437084347 -0.265727371
C 2.096768856 0.293654233 0.388336450
C -0.339277893 1.959629536 0.479188621
H 1.632654905 -2.225168228 -0.364882112
