18

C -1.662134767 1.230101466 0.456268549
H 0.807026386 2.177661419 1.018442631
H 1.584306479 0.591587484 1.169845223
H 0.298176527 1.070755601 2.293942451
C 0.715221584 -0.787954926 -1.438207507
N -2.657731056 1.803618670 0.583143532
C -0.588344932 -1.021954298 0.592513502
C -0.393944234 0.507975638 0.301324874
H 0.943162203 -1.093613386 -2.466000080
C 0.331854850 -1.718211174 -0.388925761
H -0.768278122 0.686294258 -1.866285563
H 0.761662126 1.399891615 -1.356585741
C 0.645345569 1.138145447 1.255302668
H -1.612073660 -1.323269248 0.391064703
H -0.369611323 -1.241739273 1.637122154
H 0.239697948 -2.789676428 -0.543758690
C 0.079109997 0.563014805 -1.191022754
O 1.646554112 -1.192627430 -0.448184162
