15

C -0.469772607 -0.223864436 -1.670585871
H -1.006315827 1.697106838 -0.089475304
H -0.257336736 -1.971036553 -0.058254153
C -0.233634830 -0.930711448 -0.324397564
H -2.361122131 -0.686288059 -0.699070454
O -1.758666158 1.109790444 0.055152390
O 0.580418706 0.711850584 -1.416710615
C -1.467589140 -0.086279698 -0.568721294
C 0.962903261 -0.000966433 -0.236556277
H 1.098877311 -0.760531008 2.084209919
O 1.062787533 0.883290589 0.853121936
O 1.360181570 0.990193903 3.055191994
H -0.619691670 -0.565843701 -2.681030512
C 1.184621811 0.344970882 2.081597328
H 1.924339056 -0.511682034 -0.384471238
