24

H -2.477494478 -1.681368947 -1.102099299
C 0.099801295 -0.933238268 -0.240972251
H -0.634322941 2.165720701 -0.308965862
C -0.726289570 -0.154288322 0.843830943
H 1.301186800 0.083116069 2.792046309
C -1.655363798 -1.953573585 -1.782192349
O 1.761548519 0.747000754 -1.137292862
H -2.046979189 -1.969900846 -2.799930096
H -1.351313710 -2.966849089 -1.526142120
H 2.138823986 -0.427345902 0.458931774
H 1.220202446 1.531219244 -1.217325211
H 1.890477061 1.675684571 2.341747761
H -0.915722847 -0.715737879 1.752282977
C 1.283872724 0.045192190 -0.027336717
N 0.030239178 2.179688215 0.438348353
H 0.336148918 -1.948077679 0.080618016
H -0.792695403 0.005595020 -1.972541571
C -0.484829277 -0.987869143 -1.654686689
H 0.281385034 1.497058153 3.056173801
C 0.405957788 0.890335679 0.978854299
H 0.317846447 -1.269454002 -2.352000713
H 0.707711160 2.885586262 0.515416205
H -1.675768018 0.248438343 0.490175277
C 0.985578418 1.053068280 2.373060465
