21

H -0.623002529 1.115276575 2.123151779
C -1.102542520 0.307017088 1.561957955
H -1.886188507 -0.019103847 -0.435246259
H -1.047409654 2.032231569 -1.570961475
C -1.170733690 2.008971691 -0.485941112
H 0.744400561 -0.953628063 1.995390296
C -1.119798541 0.586387336 0.032435089
H -2.052512169 0.075170532 2.038768053
H -0.608753741 -1.833219767 1.212823153
C 1.461419106 0.569321394 -0.122765072
O 0.125148669 -1.100637794 -1.221913815
H -0.401247323 2.636559010 -0.030996731
H 1.491250873 -2.517043114 -0.485137910
C -0.103619911 -0.863777757 1.312195420
O 2.222583532 0.714395106 0.786686122
C 0.194280535 -0.273624510 -0.091473788
C 1.250222564 -1.953867555 -1.393605709
H 0.996774852 -2.659849644 -2.189424515
H -2.139978886 2.455247402 -0.242826641
H 1.626320720 1.072063208 -1.096292019
H 2.143385887 -1.397888899 -1.696822882
