17

H -1.621209264 -1.182956100 0.795026004
H -1.020165324 0.298984855 1.599258900
H -2.982099533 0.653798103 -0.636301935
H 3.081255674 -0.412760973 1.287890077
C 0.018192910 -0.264521480 -0.334120512
C -0.759316027 0.556653202 -1.359067202
H 2.045476913 -1.852570415 1.350759864
C -1.925553679 0.639472663 -0.418919474
O 0.630493402 -1.474723220 -0.722494185
C -1.181196213 -0.190796614 0.640696943
H 2.109750748 0.035832871 -0.867252529
C 1.453528166 -0.437452734 -0.130137414
H -1.590639710 2.409790039 -1.335696459
N -1.087137103 1.825481772 -0.670153975
C 2.051948786 -0.773897707 1.206409216
H -0.716471076 0.485775113 -2.436507463
H 1.493141532 -0.316109151 2.030610085
