23

C -1.937138438 -0.464724213 -1.684602141
C -1.158702731 0.232573241 -0.581977189
H -0.895800769 1.232947826 -0.950900972
C 0.935855091 0.418719411 0.517135918
H 0.882951677 -2.156554937 0.674964130
C 0.775028825 0.991109192 1.936347604
O -3.013489723 0.370146811 -2.024920464
H -2.300050497 -1.448915124 -1.329948187
H -1.826921940 0.371868163 0.278699756
N 0.073711075 -0.439280957 -0.213347003
H 2.184276819 0.870044351 -1.204407454
C 1.999969244 1.230108500 -0.194669873
H -0.685609937 -1.680333138 1.362116933
H -3.507921219 -0.052268069 -2.745705843
H -0.597007275 -2.433551073 -0.240324512
H 2.088857651 2.307031393 -0.050075676
C 2.392171860 0.289421618 0.895081460
H 0.233864933 0.341588259 2.639298677
H -1.267400861 -0.654242575 -2.528694868
H 0.393570602 2.013210297 2.017493725
H 3.132511616 -0.510199070 0.818999350
O 2.193485737 0.906779230 2.171487570
C -0.096212052 -1.735479116 0.437949598
