23

H -2.716878653 -0.050031569 2.103032351
H -2.809814215 -1.733105183 2.648632050
O -1.347029209 -0.524795651 -0.086591087
H -0.195453957 -1.772280097 -1.232857108
C 1.253260732 0.705237508 -1.561069369
H -1.411254287 -2.438725948 0.689811468
C -2.707127333 -1.091758847 1.775118351
H -0.546276152 -1.256128669 1.677323341
H -0.899165571 1.026281476 -2.091243744
H 2.438838482 2.889580011 0.248955309
H 3.260158777 1.344614625 0.153623343
H 0.194005013 1.676971078 0.122129247
H 2.117610931 0.912121236 -2.182367802
C -1.426479340 -1.393863916 1.031548738
H -0.093886562 -0.234229490 -3.044626474
H 2.305958748 1.741774559 1.578846812
C 2.356453896 1.844539762 0.490030438
H 1.893083096 -0.895066559 0.056207735
C -0.231165469 -0.731509566 -0.887487292
C 1.138553977 1.222949862 -0.164679945
H -3.576361656 -1.246837616 1.136471510
C -0.140574798 0.265918463 -2.077235222
C 1.143544316 -0.261656314 -0.383573472
