19

O -0.691362083 2.383316040 0.641866565
C 0.004868498 1.185691714 0.406947553
C 1.329571962 0.605777681 0.824949622
H 1.410809636 0.213338107 1.843629718
H -1.703164339 1.025576711 1.921746373
H 1.982868433 -0.547438800 -0.985108078
H 0.369813710 1.075127959 -1.752013326
C -0.003987595 0.467536718 -0.932724059
H -1.889714599 0.346878856 -2.062602997
C -1.461506724 0.046762411 -1.102529526
H 1.540915489 -2.325698853 0.677599549
C -1.362684011 1.164914012 0.901634216
H 2.180934906 1.260458350 0.638652980
C 0.699928880 -1.833996773 0.168793470
H -1.573639631 -1.043189168 -1.024521589
O -2.224207878 0.688998818 -0.051129028
C 1.119243741 -0.452605069 -0.329111606
H 0.397078335 -2.479099751 -0.659159422
H -0.125765443 -1.782348871 0.873079896
