15

C 0.181605861 0.074359700 0.222396046
N 0.610101998 1.048921466 0.993341863
H -1.908584833 -0.540771544 -2.284171820
H 2.051000357 -2.396781683 1.114265680
C -1.409466147 1.555146694 -0.688750625
H -0.736402929 -1.572623730 -1.549551487
H -2.214118958 1.835099101 -1.359340787
C 1.771157980 -1.356284499 1.206583738
H 1.443678379 -1.124981523 2.235559225
C -0.880455017 0.276354849 -0.713124037
O 0.697345734 -1.147263527 0.286390752
H 2.627156496 -0.700647473 0.959154844
N 0.022479216 2.277611971 0.939444125
N -1.301655412 -0.737678528 -1.494360685
N -0.953842461 2.509538889 0.132163644
