19

C -0.219223514 -1.705254078 1.135205746
H 1.638042569 -1.274508834 -1.800938845
H -0.205947161 -2.782217264 1.280536532
H 1.861791134 -1.719249249 0.683251381
C 0.855391026 -1.727822423 -1.196768761
H -0.117091678 -1.448937058 -1.605409145
H -1.179201484 -1.460740209 0.659872293
H -1.603107691 3.454044342 -1.005756021
H -0.187174827 -1.198506117 2.090519905
O -0.276904881 1.478724360 1.256530046
C 0.960858047 -1.305327415 0.265783668
O 1.217381120 0.109511770 0.294519573
H -1.505056620 3.092219591 1.695531368
H 0.955840051 -2.817746878 -1.264330387
H -0.059477985 1.409454942 -2.020716429
C -1.062205553 2.555526495 0.887033939
C -1.072818398 2.698209286 -0.455649078
C 0.246861756 0.990082860 0.096242025
C -0.247956142 1.652536750 -0.995458007
