20

O -1.101510525 -0.434833705 -0.972228587
C 2.075587749 -0.804669976 0.042185239
H 1.529326677 1.544012308 -1.128290534
H -0.256193697 -1.831560731 0.276064843
H -0.914584756 1.102997065 -2.285392761
N -2.337311745 0.462205738 1.215676665
H -2.559751272 0.701101065 0.270842701
O -1.264201999 -1.052293539 2.503038168
C -0.468521088 -0.760380328 0.256199092
H 2.994235754 -0.216071874 0.108571932
H 2.159701109 -1.629401326 0.738435924
H 0.324848980 -0.144038096 -2.441092014
C 0.606969357 1.149104238 -0.706582069
H 2.033862352 -1.228578687 -0.958730757
C 0.850756347 0.050492428 0.340849936
H 0.960558653 0.481245011 1.341614723
H -3.021583557 0.651658654 1.939374208
C -1.389022350 -0.471720994 1.447652340
H 0.059790239 1.988188386 -0.261728317
C -0.282955945 0.442544401 -1.726460695
