16

H 0.846429408 2.802973747 1.562494516
C -0.183706239 -0.005657338 0.300509989
H -1.349619627 1.588328123 1.043587685
H -1.205364466 -1.845884204 0.559857428
H -1.837348342 -2.206273556 -1.791333675
C 0.767469645 1.823308587 1.119325161
O 3.045207739 1.073443413 0.721827090
N 1.124370098 -0.202886060 0.184532717
H -2.224034071 -0.524937272 0.046158306
N -0.440544486 1.195972323 0.865162969
H -1.210287929 -0.616175771 -2.241309881
C -1.090189815 -1.452324629 -1.553407550
C -1.248744845 -0.977582812 -0.096080191
H -0.104066461 -1.870330453 -1.705516934
C 1.703100920 0.926185727 0.686351001
H 3.407328844 0.291840374 0.297841638
