16

H 2.063557625 -1.027780414 0.423799038
H 1.451561809 1.601213217 0.242708176
H -0.524529278 1.850131869 -1.510103226
N -0.898999453 -1.605247974 0.225869998
O -1.391715884 1.272932887 1.504459858
H -1.966928720 0.793784976 2.123862743
C -0.318764836 -0.267499357 -1.779350877
C -0.142769232 -0.895974100 0.998347163
C -0.095720395 0.917967558 -1.175863147
C 1.071210027 -0.685140610 0.138890639
C 0.198387086 -1.376559377 -0.933206022
H 0.446569115 0.768539906 2.299606085
H 0.518270552 -2.301409006 -1.418576956
H -0.916506171 -0.417678416 -2.661639929
C -0.188012898 0.546978116 1.421740770
C 0.694390357 0.825740695 0.099455021
