21

C -0.492045671 1.553485394 -2.119735003
C -0.809730351 -0.560593426 1.808522105
C -0.564926147 0.537583888 -1.012084246
N -1.122253895 0.361843973 2.649677753
N 0.499866158 -0.435339540 -1.070791483
H -1.570111275 -1.083362937 1.233960629
O -1.793278337 -0.190355465 -1.122944355
H 0.809248269 -1.906940103 2.083660603
H -0.576610863 1.048423529 -0.067589238
H -1.482852459 -1.103450894 -1.263710022
C 0.554602146 -1.026008964 1.502908826
H -1.374258876 2.200429916 -2.116478205
H 2.731318712 -0.530786991 1.538851857
H -2.123623848 0.454818547 2.796450377
H -0.439927816 1.075279832 -3.089805365
H 1.212046385 -0.190545514 -1.749894142
C 1.107797742 -1.051562786 0.085481361
H 0.383478314 2.203552723 -2.026090622
H 1.575118423 -1.995883703 -0.179648891
H 1.682066441 0.854454637 1.005237699
C 1.794076920 -0.215041980 1.114021778
