20

H 0.608228803 0.142063573 -2.769362450
H 2.924161911 -1.174497724 2.155854940
C 0.293487757 0.965324402 -2.135986567
H 1.173390865 1.438120008 -1.738686919
C -0.310997277 -1.051486254 1.222025275
O -0.907039702 -2.298752546 1.368531942
H -1.516880989 2.430853605 -0.751661062
H -1.839585066 1.337511897 0.595150709
N 1.953032017 -1.404312015 2.329055309
C -1.083744884 1.642164230 -0.130160198
H -0.675150096 -2.646190166 2.229179144
C 0.075312726 -0.626674950 -0.218425602
H 0.183341697 -1.516255021 -0.837563813
H -0.238644376 1.682533503 -2.759483576
O 1.419252992 -0.269969195 0.278223276
H -0.241810620 2.080311775 0.415239692
H -0.860936224 -0.265519649 1.743780375
H -1.504250050 0.007445109 -1.445202351
C 1.170305848 -0.946048498 1.449978352
C -0.621474922 0.473377228 -1.000485778
