17

N 1.042402744 -2.536537886 0.231578797
H 1.079708099 -2.290756226 1.217391014
H -0.623161197 0.640535057 1.844820499
H 0.699674606 -1.281598806 -1.504921198
C 0.363146305 -1.443836331 -0.480634630
O -0.047064513 3.481165886 -0.703337193
H -0.553663015 -3.417243958 -0.932078063
H 0.388820976 2.542990923 1.075866342
C -0.364628762 -2.687437057 -0.144573316
C 0.035848856 -0.199042276 0.259381175
O 0.506115437 1.116883755 -1.648859382
C 0.149199411 1.106856465 -0.493136197
H 0.269723177 3.090450525 -1.534457803
H -1.275548935 2.339633226 0.522226572
C -0.232510179 2.422804832 0.171030536
H -1.112589478 -2.625358820 0.638987243
N -0.325473845 -0.259508342 1.480715275
