13

F 2.198881626 0.992293060 -1.454965115
N -0.522561312 1.329699516 0.797191858
C 0.607413828 -0.552401662 -0.731419563
H 1.037094831 -1.324981451 -1.353619099
H -0.511094570 -2.839111805 -0.057309005
C -0.536128342 -0.823333442 0.114796802
O 0.977764249 2.907525063 0.158081055
H -0.978610635 2.017518759 1.376515627
H -1.769615173 -2.210649014 0.848974049
N -1.078192711 0.103334971 0.851212800
C 1.130339384 0.683003604 -0.716347158
N -1.134452701 -2.058649063 0.075550795
C 0.579162121 1.775751352 0.091336943
