18

H -0.152602106 -0.469668776 2.560910225
C -0.050637022 -1.922899961 -0.037472416
C -0.992252588 0.632562995 0.112770259
H 0.667925119 -2.540834665 0.507932842
C 1.228074789 1.103990316 -0.298170477
H -0.997963667 -2.459953070 -0.062986054
C -0.744685590 0.654556334 -1.377229929
N 1.004165053 0.200262353 0.914582312
O -0.752383232 -0.892777324 1.988099813
H 0.310964197 -1.787576914 -1.046463847
C 0.552781343 0.852457404 -1.600049376
H 2.212565422 1.547582984 -0.256968915
H -2.008102894 0.770695448 0.470095187
H 0.179917350 2.287110329 1.362482190
C -0.230503395 -0.609294474 0.718467414
C 0.190439865 1.434383154 0.696126938
H -1.488128185 0.403151661 -2.113703966
H 1.070425749 0.796251893 -2.538421869
