17

H 2.173745394 1.531697631 0.422347337
H 1.830011964 -0.873432398 1.022480726
C -2.039405823 -0.522924602 0.865441501
C -0.812569141 -0.986165166 0.182160586
C 0.206070542 1.360019088 -0.123729303
O -0.820445120 1.904305816 -0.427876532
C 0.388457179 -0.132884383 -0.223366216
N 1.298814178 2.009410381 0.356415629
H -2.958862782 -1.010957956 0.491995603
H -0.051945202 -1.634017348 -1.802788496
C -0.467151135 -0.801625192 -1.265330791
O -2.084300756 0.241838232 1.801369429
N 1.721135139 -0.604632497 0.041545503
H -0.497397095 -1.939274549 0.606945157
H 1.940183043 -1.420841813 -0.507901967
H 1.274401546 3.017376900 0.392287105
H -1.100742221 -0.137891755 -1.831995368
