17

H 1.078197241 2.035148382 2.132066965
O -0.745357692 1.723116159 0.181377709
C -0.361509204 0.379248679 -2.271477938
C -0.191503838 -0.297767073 -0.934903026
H -0.287241668 -0.350457072 -3.076359034
H 0.416239440 1.136782765 -2.409206152
C -0.511385322 -1.738781095 -0.779370666
H -0.884032011 -2.266374588 -1.647162914
C -0.291960746 0.598206520 0.275408715
H 1.735047102 0.616916418 3.129554272
C 0.253260940 0.072110608 1.572449923
H -0.843134463 -2.126036644 0.190270990
C 0.960927010 1.006402969 2.463716507
O -0.351717055 0.606747806 2.729814291
H 0.518535316 -0.972554922 1.603541851
O 0.832434118 -1.308155179 -0.847223520
H -1.326799035 0.885446548 -2.312498808
