24

C 0.230288059 -0.395911396 -1.150430202
C 0.242846996 -1.665850878 -1.981664896
H -1.590004921 -1.965442061 0.820539415
H -2.767629862 -0.673301816 0.641895294
C -0.400119036 0.564093173 1.243861198
H 2.366988182 0.108084016 0.884900630
H 0.816738307 -1.498723149 -2.896123409
H 0.571980000 2.350296736 1.954096198
H 1.208970547 0.006164590 -0.949207902
H 0.806595266 2.079599142 0.249258205
C -0.800238669 -0.138390377 -0.066353194
C -0.834226191 0.651274085 -1.343535304
C 2.138102293 0.963961005 1.531020880
H -1.601440430 0.420608044 -2.075180292
H 2.933296919 1.695899725 1.410145044
H -2.263113260 -1.598510027 -0.761395812
C 0.766217232 1.564381361 1.212361097
H -0.765525222 -1.978019476 -2.283470154
H 2.179697037 0.596452534 2.562099218
C -1.905950785 -1.148352146 0.166023150
H -0.164419457 -0.193437725 1.996229768
H 0.690089285 -2.495834112 -1.448568940
H -0.559841335 1.689023376 -1.329924464
H -1.299300671 1.061935663 1.613424182
