19

H -1.607783318 1.277427077 -0.704196274
O 0.270541221 2.640532494 2.419491053
C -0.540107012 -1.309369564 0.721015811
H 1.998635054 -0.431937099 0.376878679
H 1.650861859 0.720078945 -0.942961395
C 0.534370244 2.311070681 1.298043847
H 0.246645510 -0.711065471 -2.729683876
H 1.042245030 3.021806240 0.617041945
H 0.175597712 -1.909593463 1.285609961
C -0.048928589 -0.637872875 -0.592849433
C -0.069458842 -1.358698010 -1.912243128
C -0.868669748 0.089925595 1.195096016
H 0.613567948 -2.211203575 -1.892417908
C 0.273732424 0.992808998 0.710890114
H -1.066500068 -1.743365526 -2.131898642
C 1.215546131 0.137742639 -0.132895201
H -1.452516794 -1.902003646 0.550821245
H -1.447961450 0.398670346 2.055670023
C -0.919817388 0.625046194 -0.191413194
