19

H 0.373972058 2.553337097 -0.762047589
C -2.159600496 -0.642241240 0.084960617
H 1.275926709 0.045668345 2.059254646
C 0.980283082 2.188509703 0.063497633
O 1.538311720 0.130575135 -1.283449173
H 2.348163843 -0.918456793 0.915203154
O -3.188380718 -1.051079988 0.919838071
C 1.490756154 -0.259579509 1.053970456
H 0.489178240 2.456278563 0.998516858
C 0.618905544 -0.921915710 -1.132932186
H -2.355935574 0.360880494 -0.326166034
H -2.041965246 -1.330777168 -0.760294497
C 0.206995502 -0.493128210 0.243762285
H 1.952669382 2.679679871 0.041966178
H -2.759516954 -1.330306292 1.714827061
C 1.138633966 0.719486892 -0.008433109
O -0.982977569 -0.617428243 0.888776958
N 0.286298931 -1.820384860 -1.913967252
H 0.788281679 -1.749117851 -2.797284126
