16

O -2.112555742 1.401913524 -0.442742705
C 0.293266326 1.023037672 -0.751823127
H 0.465543628 1.930433512 -1.323320508
H -2.655349016 -0.905067682 0.264436692
C 1.290787578 0.518304229 0.300769418
C -1.088360429 0.874026477 -0.137083232
C 0.464168727 -0.595232666 0.908724189
N 0.374623597 -0.279881597 -1.513706446
H 0.962833405 -0.135375619 -2.318584681
C -0.990073740 -0.249904186 0.915126979
C 1.194598317 -0.799952507 -0.397259593
H 1.918661237 -1.588604808 -0.543036938
H -1.252438545 0.172700018 1.901891351
O -1.856497645 -1.308945537 0.596401453
H 0.886968613 -1.112729073 1.764753938
H 2.103823185 1.055278420 0.775453210
