15

H 1.251176953 -2.234549522 -0.777227700
C 0.039007500 -0.892386377 -0.225674421
H 0.823507786 1.945137024 -0.444063932
O 2.302115917 0.019579887 0.082701340
C 0.353724360 1.425149679 0.387312472
H -1.864992023 1.857387185 0.044869442
H 0.446559101 2.050096989 1.263824344
C -2.456734180 -0.779009461 -0.732920170
C -1.073129058 1.110717058 0.044824876
C -1.245233774 -0.164121106 -0.305370957
H 2.700141668 -0.829666197 0.273425967
H 0.928384542 -0.255635470 1.608582497
C 0.988862395 0.038756762 0.550987303
N 0.253296643 -2.041637421 -0.705604732
N -3.446688175 -1.249819398 -1.065666318
