19

H 0.973824799 2.875904322 -0.053316515
C 0.811782002 1.931881070 -0.579489052
H -2.067507982 1.524268031 -0.717915297
N -0.685098588 -3.904204369 0.142955303
C 0.320301592 0.166690409 1.344895244
C -1.634515405 1.123481631 0.202128753
O -1.768544078 -0.318110883 0.237791568
C 0.196439013 -1.575720310 -0.704208851
O 1.600993395 -1.554880977 -0.768061340
C -0.354156226 -0.446892977 0.150357649
H -0.217560768 0.181292668 2.284784079
H -0.157779083 -1.419545174 -1.727073550
C -0.316377401 -2.873735428 -0.233388633
H 0.419453114 2.161130190 -1.574154377
C -0.107614025 1.037432671 0.190317586
H 1.380965590 -0.013426303 1.424088478
H 1.940017939 -1.941592932 0.038375985
H 1.780305505 1.447325826 -0.721523285
H -2.114929676 1.598702073 1.063436031
