21

H -0.535291791 -0.817092061 1.030701995
H 0.769353032 1.898249745 0.522155523
H 0.283551246 2.371320009 2.880742311
C -0.378653675 1.652162790 2.387432098
C 0.743024707 -2.233247280 -2.663500309
H -0.047457226 -2.584279776 -0.735998929
H 1.176181197 -0.500316679 1.142582059
H -0.185812011 -1.923674703 -3.192604065
C -1.428532958 1.810998917 0.606349587
H 1.196329594 0.149913251 -1.286441088
H -2.162164927 1.054190993 0.306806713
C 0.262443841 -0.202009752 0.623054445
C 0.725731015 -1.954096794 -1.177445769
H -0.536653399 0.794242859 3.050972939
H -1.470443606 2.648044825 -0.107718140
H -0.511481285 -0.191185296 -1.393007755
O -1.613246918 2.255866051 1.946649551
O 1.635937452 -2.756002188 -3.256630182
C 0.407549113 -0.483264863 -0.873811662
H 1.687885284 -2.259198904 -0.745749593
C -0.018248506 1.269378781 0.935460925
