15

C 1.074331760 1.046196818 -0.322243035
O -0.579200268 -1.079436183 -2.491663456
C 1.006392956 -0.184634969 0.565689206
H 1.856618643 -0.396752983 1.196155190
C 0.282274127 -1.218846917 -0.221175715
H -1.460253119 0.788370192 1.906726599
H -1.534730911 0.871334612 0.132860482
H -2.332396030 -0.446936369 0.991048276
O 0.258452922 0.754109979 -1.469634056
H 0.469831973 -2.276237488 -0.236560419
C -0.071342953 -0.574897707 -1.528748870
H 0.678167224 1.941714168 0.142944232
H 2.084194183 1.244263530 -0.661952019
C -1.454129338 0.188427180 0.989833057
N -0.278211117 -0.656673908 1.006720543
