16

H 2.646162271 1.270099521 -2.508515835
C 1.770740509 0.858699620 -2.095275640
C -0.296921521 -1.146898031 0.203404441
C 0.984985650 -0.964748204 1.023201704
C -1.201498985 0.845195115 -0.096645653
H -0.803757966 1.855046272 -0.047917064
O 2.062896252 -1.488021016 1.077443600
H -1.716000319 -0.243950725 1.834527731
H -0.707387269 -2.145000219 0.077073231
H -2.270861387 0.887102246 -0.354923874
H -1.062925100 -0.583823979 -1.797223568
C 0.779781938 0.369442225 -1.609946728
N 0.411321789 0.070911579 1.707556963
H 0.745361149 0.621691108 2.489513636
C -0.917915285 -0.051432069 1.121669292
C -0.423981667 -0.154313564 -1.023942232
