23

C 0.613540113 -1.359777570 2.191099405
C 0.337327689 -1.890845060 0.796410084
H -0.922083795 -0.771272600 -1.217447519
H -0.237237498 0.252157241 3.376458645
C -0.874734163 0.794959724 0.256118506
H 0.824919701 0.810150146 2.077256441
C 0.061991148 0.058753576 2.344933033
H -0.286738724 1.723015070 0.350292355
H -1.861231089 1.056878567 -0.144097000
H 0.857663214 -2.843699455 0.628936529
C -0.159878239 -0.137102276 -0.744810343
O -1.094224334 0.268794298 1.540422320
H 0.196432531 1.985660076 -3.520408392
C 0.567064345 0.658474386 -1.840860248
H -0.739675879 -2.075350523 0.675852835
H -0.889014304 2.265076637 -2.166649342
H 0.171814710 -2.044781685 2.917017221
H 1.305440664 1.297676682 -1.373512745
C -0.370871633 1.484727740 -2.725817442
O 0.812654316 -0.972273946 -0.165110320
H -1.119865775 0.863327742 -3.206004381
H 1.692995071 -1.352908731 2.387078762
H 1.113712072 -0.071639977 -2.437157631
