15

H -0.373710096 -2.390904188 -0.641431630
N 0.212122515 0.681753874 1.065962195
C -0.848859012 -0.586524308 -0.216310099
H -0.936740816 1.620038986 -0.492216527
H -1.951291561 -0.534674942 -0.207135275
H 0.193549797 1.384047508 1.769777536
C -0.202010632 0.827466726 -0.344782829
O -0.390265644 -1.548367620 -1.112225652
C 0.947419882 0.947875559 -1.322883248
H 1.655137420 0.140412584 -1.181894422
H 1.473899841 1.900182247 -1.181809664
H 0.584103405 0.918444216 -2.340347767
N -0.272075355 -1.521604538 2.071519613
H 0.196837649 -1.223038435 2.939405203
C -0.288117528 -0.615108192 1.194373369
