13

H 1.266329527 0.475544780 -1.019522667
C -2.174434662 -0.171842992 -0.605008781
N 0.836043835 2.229969978 1.549724340
C -3.396660328 0.254884601 -1.037718534
C 0.219144180 -0.954244971 0.213833570
O 2.513035059 -0.453390449 0.378939837
H 3.217925310 0.208216682 0.324854136
H 0.207146510 -1.256787062 1.274462342
N -4.430408478 0.601174474 -1.412048936
C 1.284991860 0.131415233 0.035149086
H 0.553771377 -1.835671782 -0.355645925
C 1.007054806 1.313704848 0.878944933
C -1.103938699 -0.542973220 -0.225963682
