23

H -1.602122903 -0.252423942 -2.136084318
C -1.762207150 -1.442841768 -0.284356236
C 1.471709609 -0.523807824 0.734545112
H -1.833235860 -2.495820284 -0.552522182
C -0.008186386 -0.052110553 0.734636426
H -0.194930419 -1.262253881 -1.783269167
C -0.791251004 1.824522734 -0.660115719
H -1.677174211 -0.939467192 1.851097465
H 3.569845676 2.041316271 0.387307853
C -0.989933431 -1.214776754 1.034526706
N -0.362079024 0.456534177 -0.602000952
N 2.984319925 1.402452469 0.917367578
H 2.466432571 0.535468936 -0.895534515
H 1.550549030 -1.405540466 0.086639926
H -0.107546337 0.752612889 1.472853184
H -2.777144909 -1.052084684 -0.209685773
H -0.451462507 -2.102091312 1.378273964
H -1.194278479 2.050060511 -1.659541607
H 1.767937422 -0.799004912 1.742984056
H 0.071074925 2.489132881 -0.496520162
H -1.554520249 2.079585552 0.073908366
C -0.974869430 -0.624084949 -1.330813646
C 2.399073362 0.534622073 0.196303427
