17

N -1.973991990 0.238886684 1.461855650
H -0.285665095 -0.723769009 2.548203945
C 1.839641809 1.260899425 -1.126775622
O 1.684805989 2.443776846 -1.256888628
C -0.554032981 0.150197089 1.982598662
H -2.479621887 -0.618763924 1.658802390
C 0.771052897 -1.090882778 -0.844439566
C -0.891815603 -0.006299626 0.579978824
N 0.841106117 0.364944726 -0.997962713
H 1.413161039 -1.510719180 -0.050414346
H -0.173390582 1.090550542 2.349877357
H 0.970350802 -1.627581954 -1.785498977
H 2.826087952 0.771101654 -1.113233924
C -0.724278867 -0.962792993 -0.513577580
H -1.505789161 -1.616468310 -0.871995330
H -1.184845448 1.270193696 -1.282999754
C -0.572774887 0.566727161 -0.737529874
