23

O 1.172055244 1.458236814 -0.404588133
H 1.755971670 1.552622437 0.335087955
C 0.453527570 -0.739206791 0.479224116
H -1.102415919 -0.846701622 2.012990713
H 0.237746626 -1.868038297 -1.221482277
H -0.460875928 -2.422147274 1.520115972
C 0.045188691 0.677356780 -0.025421806
C -1.403323770 2.047125101 -1.602921128
H 1.784684658 -1.565281630 2.009819984
H -0.299010992 0.264384985 -2.102992058
C -0.747830391 -1.426256180 1.154789567
H -0.582824230 2.746071577 -1.749873042
C 1.576089144 -0.602109015 1.531753063
H -1.574610472 -1.550829053 0.455256611
H 2.494490385 -0.252310067 1.070262074
H -2.030289173 2.444672823 -0.789661944
C -0.867250085 0.661050022 -1.254545331
H 1.290169716 0.107218847 2.329268456
H 1.501205802 -2.330145359 -0.300205112
H -1.703686595 -0.019027006 -1.092428565
H -0.500039041 1.156844258 0.787314773
N 0.981508851 -1.506746173 -0.637008309
H -2.020482302 2.013214827 -2.504755259
