13

H -0.766421854 -1.124626637 0.920010626
H 2.065340757 1.701958418 -0.264279008
N 1.530406713 -0.216267750 1.970583677
C -2.850108624 -0.572602272 -1.987922788
C -0.642413795 0.155290768 -0.777956188
H -3.740770817 -0.857832849 -2.480631828
N -0.256752014 -0.440138549 0.396738231
C -1.843420863 -0.230001658 -1.446340919
H 2.216591120 0.459299594 2.268471241
H 1.927936554 -1.141747355 1.974207282
N 0.230015442 1.065778017 -1.142395377
C 0.927532256 0.141742736 0.775032163
C 1.202065587 1.059147239 -0.205517352
