21

H 1.305727959 0.170698300 1.772961020
H 0.970668197 -0.512885869 -1.191890478
H 2.574822903 0.061529174 0.570342124
H 0.474746704 1.382737517 -1.869036436
C -0.506138742 1.712009072 -1.489676237
C 1.522139311 0.297482580 0.702078342
N -1.119408131 3.993963480 -2.494084120
C -1.506511927 -0.281087756 1.269940257
N -1.228446841 1.067057014 -0.684798062
H -1.381053925 -0.993499875 -0.728860557
H -1.059068680 0.465815842 1.923305750
H -1.388264537 -1.264497042 1.727974772
H 1.374187946 1.345706701 0.476826757
C -0.884708583 2.968098640 -2.028599262
H 1.905300736 -2.376536131 0.050437953
C 0.856017113 -2.087502718 0.213895366
H -2.565557718 -0.059099775 1.195756793
H 0.244224399 -2.744873524 -0.400466889
C 0.645235181 -0.619484127 -0.156254604
C -0.856953084 -0.234526023 -0.119986720
H 0.623041987 -2.291105986 1.260134816
