18

H 0.785611868 0.697965086 1.824880600
H 0.253562063 1.482750654 0.333011717
H 2.662856817 -0.515786052 -1.824983835
C 0.459537268 0.520462275 0.799621403
H -1.994795918 0.752309740 -0.608228028
C 2.242928982 0.262820035 -1.178633690
C -0.714776933 -0.476582289 0.600798368
H -3.510017157 1.009513974 1.165450335
O -0.155117854 -1.809407115 -1.445221901
C 0.111588739 -1.118934274 -0.504201770
H 3.066610813 0.832790732 -0.749698520
H 1.663435698 0.936942339 -1.799112320
C -2.089431286 0.056256671 0.231893137
O -2.624078989 0.677884281 1.376568437
H 1.987731218 -1.017111659 0.525633693
H -0.816895247 -1.145646214 1.463244200
C 1.383126974 -0.358710021 -0.095622674
H -2.711877346 -0.787518024 -0.115399525
