15

H 1.727025628 -0.438831031 1.876563668
H 1.225467205 -1.808765173 0.011658384
C 0.245155543 -0.113643415 -1.152170658
O -0.520020723 1.707789660 0.037870802
H -2.130440235 0.680311322 0.820453584
N 1.184027433 0.067090981 1.197929621
H -0.556334794 -1.125066519 1.888358474
O 1.119574428 2.216230392 -1.401115417
N -1.220842004 -0.185308143 -0.953372061
C 0.793016791 -0.822642028 0.108372614
C -0.186965525 -0.442267895 1.143834352
C 0.388635665 1.402284980 -0.923768401
H -1.518612623 -1.145747423 -0.905449450
H 0.619987369 -0.455346167 -2.105687618
C -1.169674277 0.463910758 0.356522173
