20

H 0.969703555 0.302946448 -2.952125549
H 1.340719342 -1.229724288 0.423172802
N 2.703434229 -1.049904227 3.561409473
H 0.140385225 0.440128803 2.514482975
H 1.292380452 1.664057732 -1.863968849
N 0.838915646 -0.422823846 0.759959400
H -0.001414244 1.775581360 -3.062030792
H -2.261523724 -1.306979537 -0.106942326
C -0.464635164 0.558884382 -1.365274072
O -1.463539362 -0.349736214 -1.827005148
C -0.934429824 1.214214325 -0.099107914
H -0.297166467 1.994607091 0.267809421
C -0.301954031 -0.163699329 -0.033912051
H -0.865447879 -2.117785931 -0.865735471
C 0.548535824 -0.518214464 2.185824394
C 1.768409133 -0.802198529 2.955285311
C 0.502062619 1.104555726 -2.373337030
H -0.193366438 -1.285637379 2.436011791
C -1.322074175 -1.164870143 -0.628649950
H -1.998994112 1.356598854 0.074133769
