25

C -0.352342397 -2.347877741 0.839033306
C 0.495725274 -1.263017416 0.159963816
H 0.613071263 0.432891905 -2.388950586
C -0.343779594 -0.180842459 -0.559576571
C -0.813588977 1.223991871 1.570503116
H -0.935873985 -1.973645449 1.684630156
C 1.904990196 1.194508553 -0.870557547
H 1.884816647 1.615609765 0.117350295
H -0.273145705 0.557467043 2.243339539
H -1.858747244 2.220895052 -0.446267515
O -2.251370192 1.355619431 -0.375561446
H 0.296508789 -3.144474030 1.210976481
C 0.500700891 0.831380367 -1.379964948
H 2.553280354 0.327384681 -0.856851161
H -1.060386539 -2.790999889 0.125607565
H -0.954701424 -0.713396132 -1.290680528
H 1.124807835 -0.786597073 0.908883214
H -1.616157651 1.696107745 2.144448996
H 2.365894794 1.928969145 -1.550649762
C -1.394049048 0.487776726 0.369918942
H 0.935132265 -2.273659468 -1.419539690
H -0.079755850 1.737972736 -1.506590128
O 1.440909624 -1.871889353 -0.714836478
H -0.124539249 2.021315575 1.260081410
H -2.057400703 -0.285491765 0.725289464
