19

H 0.158414960 2.979426146 1.886796951
C -1.256103516 -0.699083924 -1.487331867
H 1.427618265 -1.546770453 0.345404059
H 0.802103102 0.111981295 2.126967669
H -2.155250311 -0.911594033 -2.044672966
H -0.086613521 -2.513552427 -1.770712495
C 0.825454831 -1.068268061 -0.402684480
C -0.793337822 0.500177026 -1.145303011
H -1.344102979 -2.010149002 0.684135795
C 0.996167958 1.394521713 0.553507984
H -0.951786757 1.560162902 1.589650989
N 1.142313004 1.048570752 1.966506481
C -0.373297960 -1.815977812 -0.970742464
O -1.006003499 -2.619495153 0.020875616
H -1.246283650 1.450730562 -1.364664197
H 1.778752089 2.031602621 0.174752191
C 0.054995008 1.938161612 1.569963336
C 0.516068161 0.374795198 -0.425581545
O 1.510893226 -0.205238536 -1.306868196
