16

H 0.319828331 -0.475124329 2.294650316
O 1.259352803 2.804886341 0.371584773
N 0.750071347 1.839086652 1.276856422
H -0.282385111 -0.489761084 -2.368055344
N 0.288553774 0.699602008 -0.748916149
C -0.306917369 -0.270803005 1.427709937
C -0.702017605 -1.531230330 -0.581668973
H -1.981806397 -2.896060944 -0.473425895
N -1.478308558 -2.343471050 -1.164654374
H 1.567942262 3.494225025 0.968166769
H -1.281558514 0.075008094 1.787701249
C 0.315815091 0.836243153 0.602679312
C 0.170262411 -0.597882509 -1.375862241
O -0.498008788 -1.520518303 0.756753147
H 1.148931503 -1.067063570 -1.491987348
H 0.710245073 1.442863345 -1.281531811
