16

C 0.972708762 1.238720894 -1.065693617
C -0.449937075 -0.679758430 0.606542766
O 1.588703156 2.039659739 -1.719573617
N -1.108379722 -1.479908705 1.517283201
H -1.827350259 0.936783433 0.480369925
H 0.865058541 -0.474747837 -2.281782627
N 0.067306168 1.617913127 -0.116223693
H -1.089501143 -2.471730709 1.344992161
C 0.426081300 -1.148664713 -0.295358837
H -0.046029001 2.613610744 -0.037391163
H -1.985983372 -1.148002625 1.878945112
H -0.643007159 1.087143540 1.773892760
H 2.221883774 -0.446193039 -1.214853644
H 0.611154556 -2.207280636 -0.353291094
C -0.760666847 0.783982038 0.724409044
C 1.157958269 -0.261526734 -1.242267132
