21

H -2.217215300 1.558791399 2.656068325
H 1.078119159 -0.289090306 1.813617587
H 0.083176285 -1.625802279 1.252734184
C -1.493101478 0.537992656 0.888749063
C -0.534756482 -0.213465035 -1.305621147
C -0.188587889 0.219140947 0.118002921
C 1.869212985 -0.715411484 -2.033333540
O -1.678233027 -0.198425233 -1.727809548
C 0.677737117 -0.774088264 0.918041587
N 0.460864723 -0.519787252 -2.194051266
H 1.525092244 -1.172311068 0.351146907
H 0.079261176 -0.696769536 -3.106795311
H -2.007768869 -0.407368571 1.096011877
H -0.750454307 2.268429041 1.991573811
H -2.141000509 1.103657484 0.230627745
C -1.265499592 1.313372254 2.182764530
H 2.296727180 0.000410155 -1.338849664
H 0.377278030 1.156328201 0.016458374
H 2.350646734 -0.570194066 -3.007012606
H 2.143281698 -1.738959908 -1.707840204
H -0.664779484 0.763550282 2.905515671
