18

H -2.042361498 -0.652503371 1.517448664
C -0.095167466 -0.922767580 -0.148937449
H 2.204251051 0.646158576 -1.736199260
H 0.200932324 1.088780761 2.271727562
H -1.726464033 1.711617589 -1.211226225
C 0.545692801 -0.993278027 1.262287855
N -1.636167526 0.269829899 1.437843323
C -0.740684628 1.359419703 -0.868105650
H -0.128836304 2.226328135 -0.623483419
H 1.634831548 -0.875075996 1.223960519
O 1.910819650 0.101552851 -0.997763157
O -0.158711523 0.588859141 -1.929457903
C 0.666556597 -0.430957824 -1.381538630
H 0.317345381 -1.878219843 1.859308481
H -0.763388157 -1.743597269 -0.421154410
C -0.180062801 0.299175084 1.643237114
H 0.788733721 -1.184904814 -2.169747829
C -0.797319174 0.389582992 0.271800697
