18

N -0.186915934 0.697717071 -0.632391691
C -0.695979238 0.648841739 0.631124020
H -0.022302784 1.352408171 -2.567867041
H 1.204407096 -2.867596149 1.533380628
C 1.353790402 -2.469949722 0.520781100
H -1.542274117 1.846892118 -1.775500774
C 0.624724269 -0.428819358 -0.894239724
H 2.431385517 -2.323469639 0.371424526
H -2.019438982 1.360228896 1.948378801
H -0.024226239 2.668196678 -1.388385892
H -0.422959834 -0.772944927 2.262851238
H 1.024438024 -3.220047474 -0.199861884
O 1.180662870 -0.658587933 -1.950962305
C -0.210236490 -0.491937011 1.251232982
C 0.593060017 -1.192402720 0.344460696
H -1.206529260 2.537286758 1.132122397
C -0.470540524 1.704303741 -1.643195033
N -1.611065030 1.609879732 1.056648254
