19

C 0.361131966 1.428142071 -0.861395359
H 0.887396097 2.113875389 -1.532980680
H -0.427285284 2.003166914 -0.372062445
N -0.633696795 -1.309642315 0.116187036
H -1.197015524 0.780826151 -2.192043304
H -0.393674582 -0.371757865 3.363253355
H 0.282414675 -1.848342061 2.651921988
H 1.284013629 -0.416564137 -2.603979111
C -0.493331939 -1.085712671 2.541720867
C -0.675411165 -0.949920237 -1.093686223
H -1.472260475 -1.565597057 2.601888180
C -0.302205890 0.345429599 -1.755673051
H -1.001330137 -1.703805804 -1.829995871
O 0.519161582 0.100383103 -2.887218475
H 2.350227356 1.295257092 0.147724748
N 1.007416010 0.181733444 1.161542058
C -0.337543219 -0.379225969 1.210795641
C 1.317926407 0.934651077 0.189399496
H -1.075932622 0.447103858 1.144602299
