16

C 0.350912601 1.461845756 1.066277504
H -1.202066660 -1.609401464 -1.770134568
C -1.139554501 -0.738473237 -1.138012409
O 0.668282032 1.830462217 2.172137260
N 0.497716784 0.189609542 0.587393761
H -0.058107469 -1.420764685 1.819358945
H 1.545495272 -1.551255465 1.104618669
H 1.255144238 -0.393039525 2.429750681
H -0.306983471 0.567822814 -2.741411686
H -0.109636605 2.130446672 0.327146411
H 1.071700215 -0.734843254 -1.188109636
C -0.624056816 0.559378266 -1.706538320
C 0.222469255 -0.220970914 -0.745434403
H -1.906876326 -0.671981752 -0.388495862
H -1.096616387 1.461283922 -1.375944018
C 0.832178235 -0.860118747 1.547397971
