15

C 0.771111786 -0.368341476 -1.249832034
H 2.166495562 -0.281441450 0.502753913
C -0.724125028 -0.381363690 -0.821598887
C 0.042392917 0.434540004 0.200296342
H -1.373900652 0.183264837 -1.492420316
C 1.175838709 -0.628628671 0.205697954
H 1.231698513 -0.739235520 -2.161131382
N -1.508883715 -1.270251632 0.014477035
H 1.612056494 1.466695905 -0.735775828
H -1.595261931 1.503908157 1.194661021
N 0.678351343 1.144719958 -0.983047664
C -0.986388862 0.610275507 1.310187340
H -0.610912621 0.557115912 2.332642555
H 0.935286880 -1.601385832 0.639505208
N -1.813759327 -0.629872084 1.043585300
