21

H -0.440530866 1.133732319 -1.889853835
H -0.538347602 -1.269535065 -1.541492224
H -0.436012805 2.183279514 0.548218787
H -0.305402279 -1.102036119 2.578521013
C 0.474425375 -0.874628127 -1.602365732
C 1.001268029 0.738127530 -0.201863691
O -1.972787857 -0.000662467 -0.015287441
C -0.531744421 -1.151652813 1.504975080
H 1.929518461 1.279103160 -0.078374125
C 1.176357746 -0.806739271 -0.213184953
H 0.502366841 1.372358799 1.796346545
H 1.247931719 1.049825549 -2.386535645
C -0.011532530 1.213424444 0.840428472
H 1.032969475 -1.412438989 -2.379303932
C 0.507728100 0.661264241 -1.676176429
H -2.360575438 0.838468432 -0.277746290
H 2.217027426 -1.120737672 -0.273753971
H -1.734762192 0.538161576 1.947924972
H -1.291458964 -1.913851976 1.355392337
C -1.125710607 0.197446987 1.096142173
O 0.659272134 -1.552909851 0.867989182
