15

C -1.426087976 0.760688543 -0.323818296
C 0.625965178 -0.135606155 0.157900557
H 2.198899984 0.184779078 1.524692535
O 0.320968002 2.343430042 0.336130142
H -2.293218851 1.391139507 -0.517354846
C -1.064365029 -0.510486603 -1.127834558
C -1.467381954 -0.625327468 0.305018544
H 2.660327911 0.313554615 -0.172685131
O 0.340607405 -0.644785762 -1.144922614
O -0.272889137 -0.830759764 1.032883644
C 2.061403513 -0.248119980 0.542280316
C -0.104098260 1.253346443 0.105847061
H -2.348731279 -1.098855972 0.723525047
H 2.368830442 -1.291284800 0.550545454
H -1.600229859 -0.861711621 -1.992207766
