13

H -1.363978863 2.244991064 0.723677039
H 1.736982465 -0.249338344 1.563882947
N -1.413681388 0.802361488 -0.703147173
H 0.896839440 -2.199593544 0.733539999
H 0.860455394 1.826502442 1.562246919
C -0.196059659 -1.307790041 -0.828738809
C -0.655869484 -0.069169350 -1.517808557
N 0.955649972 -0.131968513 0.942828238
C 0.542806029 -1.287110686 0.281881303
H -0.424976110 -2.238664865 -1.317717671
C -0.841376603 1.391031384 0.299288362
O -0.470087826 0.141079843 -2.683888435
C 0.373296529 1.077669263 0.943956137
