14

H -1.993384838 -0.201342270 -0.936415017
H 0.558238685 -1.626680970 1.545672178
H 0.064768918 -1.627694607 -1.002630711
O 0.793581486 1.688531399 -0.609009087
H 0.119906530 0.562757015 -2.206755161
C 0.113925360 0.589094996 -1.120536804
C 0.138625175 -0.736140132 -0.384857059
H 0.229479596 2.063819408 0.059608832
C -1.095515251 0.129676953 -0.385801882
H 1.993037105 -1.233173132 0.590326428
H 1.096150041 0.045856643 1.383914709
O -1.386517167 0.912494659 0.743118882
C 1.001686692 -0.896170914 0.857718349
H -1.633982539 0.328971207 1.465646505
