16

C 0.615293622 -0.011055436 0.142287642
C -0.531893790 -0.723121166 -0.384347141
C 1.880634308 1.936982036 0.303504944
C -1.501948595 -1.251553774 -0.841680229
H 0.144142598 0.050157007 2.371441364
H -3.433285713 -1.186376452 -1.676812649
H -2.413274050 -2.475943565 -2.290436268
C -2.662755489 -1.910473704 -1.396220326
O 1.537491560 -0.778373837 0.977444530
C 1.310699463 1.067868710 -0.590752840
H 1.337161779 1.108060956 -1.668918133
C 1.613723040 1.558430195 1.613875747
H 2.471486330 2.816534281 0.039825700
H -3.123286247 -2.591672182 -0.685430527
H 1.915718555 2.072302818 2.498841047
C 0.840093017 0.318233907 1.587377429
