17

H -0.700892210 2.265370131 -0.940072536
N -1.268351912 0.716895342 0.380334854
C 0.797341883 0.957335353 0.023084806
H 1.539826512 -0.287835181 1.702108860
H 1.695433617 1.156154037 -0.549699664
H -1.001021981 -2.581027985 0.318801790
C -0.415478736 1.897417188 0.047068384
C 0.816341996 0.505712569 1.494912505
H 1.180047393 -1.571502447 -1.930096745
C -0.263631821 -0.198165908 -0.142214745
H -0.999490976 -1.007587314 -1.961278796
N -0.532547951 -0.115874059 1.295531154
O -1.436686158 -2.253400326 -0.442610860
H 0.874330878 1.265035391 2.269873142
O 0.664448023 -2.090313435 -1.313803911
C -0.510685086 -1.364249587 -1.033949137
H -0.438983679 2.706036806 0.782010615
