21

H -1.415512085 -1.154021025 -2.120426893
H -0.904195309 2.313874006 -1.487461209
H -1.735724688 1.090255380 -2.515635252
C -0.735847950 -0.837260723 -1.328887105
N 0.236498833 0.702057362 -0.133986607
H 0.415517986 -0.442690253 1.607846260
H 3.939392090 -0.439966023 1.853569627
H -0.288129389 -1.680647850 -0.804008067
H 2.417468071 -0.626548350 2.740797997
C 2.908581972 -0.815908968 1.785389662
H 1.093245983 0.393839508 -2.211423397
H -2.120969296 -0.338023633 1.403976440
C -2.292022467 0.392045975 0.618234098
C 0.190174162 0.371047407 -1.608411074
C -1.059908986 1.262689948 -1.679516673
C -1.221448660 0.359253377 -0.427554727
H -3.264495134 0.170007721 0.161121696
H 2.971006155 -1.894641042 1.640869856
H -2.360219479 1.392642617 1.063844442
N 2.238445282 -0.167800993 0.665293097
C 0.988143265 -0.050204575 0.776367962
