16

C -1.358087659 -0.406617761 1.660061955
C 0.846208155 -0.463242471 0.195337832
C -0.695871770 -0.695144117 0.338441640
C -0.945494354 0.279125065 -0.839679360
H 0.679921746 -0.699363291 -1.973600984
H -1.698326707 0.007934334 -1.578634262
H -1.141081691 1.285945773 -0.477880239
H -0.914564431 -1.734654784 0.071160220
C 1.395042419 0.546308577 1.085941553
H 1.475064754 -1.350543618 0.230823696
H 2.036745310 1.130568027 -1.933032870
N 1.864796400 1.310771108 1.805707693
O 1.124535799 1.295186877 -1.647728562
H -1.036084771 -1.079749703 2.486002684
C 0.533956945 0.108400121 -1.247966051
O -2.166760206 0.465076059 1.825044990
