19

N 1.199301362 0.807286024 1.600116849
C -0.862549186 -0.431380570 -0.706421673
C 2.545274973 0.623218179 1.571996093
C 0.229327768 0.662365913 -0.869106948
H -1.312730908 -1.542418838 -2.496664286
H -2.634227037 -1.486047268 -1.324867010
C -1.112960339 0.734830678 0.302187473
H 1.024253249 0.759988666 -1.608422518
O 3.127029419 -0.085126296 0.785168886
H 0.800310373 -1.830501199 -0.074244484
C -1.815477014 -0.907939792 -1.761407375
O -0.658951283 1.769475579 -0.604849041
H -0.571313798 -1.763938546 1.087650537
H 0.841003716 1.600327492 2.113560200
H -2.241318941 -0.055878650 -2.302119970
H 3.070011377 1.203235745 2.354819775
C -0.011849372 -1.221341491 0.331373781
C 0.331686586 0.247207224 0.626233935
H -1.946820498 0.916636586 0.974995315
