23

H 1.093302250 0.095869899 -2.503570557
H 0.672257543 -0.722106695 1.655128121
H 0.790954947 -2.842140436 0.366613537
H 0.042371221 -1.245908260 -2.061994553
C 0.925655305 -0.158658147 -0.389080286
H 1.868306756 -0.715223730 -0.463039905
C -1.245490789 -0.069573887 0.941261649
H -1.862530589 2.016601086 1.379958749
H -1.718039989 -0.420409799 1.861359715
H -0.720784783 1.441354632 -1.561517715
H -0.792014420 -2.503617764 -0.350326836
O -0.855258822 0.569626808 -1.994961143
C 0.313955635 -0.206866607 -1.802516937
H 2.064559221 1.284734726 0.756993949
C 0.074302033 2.024921656 0.590385377
H 1.651018262 1.837370992 -0.845769167
C 0.084948696 -0.823865652 0.729730010
H -1.935966730 -0.306524098 0.127158210
C -1.037546754 1.411662459 0.994965255
C 1.244583130 1.289214373 0.022271525
C -0.158017471 -2.313533306 0.516348124
H 0.150884420 3.105034828 0.648694873
H -0.651448905 -2.747963905 1.381908298
