27

C 0.437165052 -1.232731581 0.001226403
H 1.371596813 1.885962009 1.421416640
H 1.187210321 -2.113058090 -1.845558405
H -2.139156818 -0.463707626 -0.698554039
H -2.578939915 0.019419039 0.926607311
H 0.116510637 -2.976156712 1.303391933
H -1.966977835 -2.113709450 1.851252556
C 1.251841307 1.892250299 0.342778504
H 1.422515035 -1.243957639 0.464636058
H -0.236807659 -0.028358195 1.634115934
H 1.410160899 3.316227436 -1.291761756
H 0.734809816 3.993953466 0.184487954
H -0.248679489 1.327376604 -1.102943301
C -0.353756636 -2.502349615 0.438678175
C -1.796870232 -2.034495592 0.772313118
C -1.854584455 -0.551812530 0.349317282
C 1.468253136 3.299978256 -0.202521935
H 2.037183046 1.218410373 -0.040288575
C 0.660839498 -1.217157960 -1.516314268
H -0.892604589 2.015854359 0.367325246
C -0.129903898 1.329889655 -0.015561352
H 2.461694717 3.678321600 0.064598404
C -0.416879833 -0.066177107 0.556329131
H -0.354067266 -3.254253626 -0.362018615
H -2.550678730 -2.641125917 0.288674206
H 1.252986550 -0.352561831 -1.832888722
H -0.292859763 -1.186028719 -2.058737040
