16

N 0.928945899 0.851732433 2.567983866
H -0.355033338 1.387377620 -1.402911186
H 0.328285456 1.564980149 3.000522137
H -2.422775745 1.031178117 -0.052321449
C 1.196719885 -0.516291618 0.674487650
C 0.005543142 -0.633161247 -1.607562661
C 0.438189179 0.505968690 1.459444165
H -1.724969387 -0.579847932 0.216872960
H 1.708487749 -1.778812885 -0.865619481
O -0.722911537 1.059683204 0.989373684
H 2.035018921 -0.886998057 1.261998773
H -0.632965326 -1.509979844 -1.791087866
N -0.850520968 0.495654076 -1.323149920
H 0.539687991 -0.448927641 -2.545293808
C 1.021662951 -0.993694723 -0.544827044
C -1.493364811 0.451139599 -0.037909400
