17

C -0.892366409 0.319356769 -2.365665436
N -1.444934726 -0.457454592 -0.320438981
H 1.627143741 0.337468892 -1.291061401
H 2.891602993 -0.035352305 3.519667149
H 1.236428738 -0.448123991 3.933225632
C 0.996254086 -0.346374393 -0.687974334
H 1.648886919 1.222512484 3.606470108
N -2.553616285 -0.200524554 -1.062600732
C -2.270253897 0.277791321 -2.280498505
C 1.278477192 -0.157904640 0.720310152
H -3.041061401 0.543680012 -2.983425617
H -0.300368786 0.644088030 -3.202437878
C 1.537556767 -0.008632178 1.882668376
H 1.319190621 -1.357664943 -0.999422193
C -0.434332013 -0.151263580 -1.112476587
H -3.450228214 -0.373953372 -0.660265386
C 1.851620793 0.192351088 3.303925514
