14

H 1.928309321 0.533194959 -0.474829227
C 0.932418287 0.968012512 -0.359095246
H 0.493186384 0.944686711 -1.380193710
H -0.649752438 -1.815694213 0.952130437
C -1.248941779 -1.284533381 -1.026056170
C 1.061818123 2.365618229 0.061235782
H 0.665105820 -1.810462952 -0.235072553
C -0.222534612 -1.262619495 0.113326691
O -0.820287704 -0.188967809 2.504021406
N 1.202428460 3.475487947 0.348541617
N -0.194228470 0.575742304 1.755982637
C 0.110713176 0.102377847 0.572417021
H -1.994321108 -0.481309146 -0.959563315
O -1.263913751 -2.121533394 -1.872845411
