19

C -1.047055244 -1.050040960 -0.124930613
N 0.430642366 2.120485306 -1.372300982
C -0.964391112 0.475781888 -0.245883539
H -1.955092788 -1.332435131 0.408174306
H 0.936392248 -2.476009607 2.093034029
H -0.218025625 2.817172527 -1.021260142
H -2.043990135 0.940026760 1.423888803
N 0.033582255 -2.325389862 1.639422297
H 2.270028830 -1.673695803 0.200710759
H 2.370530844 0.329417437 -1.157121301
C 1.372220993 -1.132005095 0.010878325
H -1.076579332 -1.509401202 -1.114360929
C 0.352883309 0.896232307 -0.827984095
H -0.445190459 0.923384786 1.686732650
H 1.312906861 2.499448776 -1.617317080
C 0.162474319 -1.571645379 0.610882282
H -1.764259100 0.816418529 -0.914088666
C 1.423884630 0.062314052 -0.696283937
N -1.150962710 1.189941525 1.017807484
