16

C -0.383814484 0.110652253 -1.122898579
H -0.654838026 3.143551826 0.152579069
H -0.725667238 0.374529302 -2.108890295
C 0.231021494 -1.241591215 0.299231589
H 1.297734857 -0.235158935 1.895908594
C -0.406678826 1.318353891 -0.221253186
C 0.963710070 -0.622278869 -0.923320293
N -1.032267451 -1.059363365 -0.464794993
O -0.072737038 1.054071903 1.089579701
N -0.729882896 2.467913389 -0.602215588
H -1.841310024 -0.818365991 0.106477991
C 0.290182859 -0.276804268 1.469893932
H 0.451364189 -2.252583742 0.614238083
H 1.135934711 -1.354333639 -1.706366777
H -0.381067634 -0.586470306 2.268723249
H 1.858315706 -0.022122934 -0.746891856
