17

H -0.132710487 -0.067149058 2.543596745
C -0.982924223 -0.069885388 -1.869594097
C -0.543571889 0.154613331 1.556150436
O 0.436634332 -0.291691422 -1.975464106
H -1.597151160 -0.970883906 -1.931601763
C -0.031864189 -0.794774711 0.480667770
H -0.179884285 2.311522007 -0.688672364
H -1.651224017 0.128916845 1.596065879
O 2.008278847 -1.053439856 1.724511266
C 1.394901395 -1.267390370 0.726713061
H -1.367368460 0.784277320 -2.422344685
C 0.299404621 1.476123691 -0.173033103
H 1.389996767 1.604017735 -0.234700114
O -0.115101866 1.458417773 1.172070622
C -0.089298084 0.121578909 -0.734411478
H 1.823437452 -1.841941833 -0.112452455
H -0.661554873 -1.682310581 0.342498362
