17

H -1.353856683 0.676830769 -3.028739214
C 0.396852553 -0.615074039 0.466980696
C -0.710040092 0.577068508 2.417741060
H -1.078821421 2.286419630 -2.376976728
O -1.425677538 1.425703406 2.865782261
H 2.164867401 -1.798085451 0.664162695
N 0.382363975 -0.359640807 -0.880607665
N -0.861095190 1.222269297 -0.001108939
C 1.147019506 -1.759897947 1.049518108
H 0.672292531 -2.726214170 0.827087224
C -0.651148617 1.293344617 -2.472314358
C -0.394096762 0.387033015 1.003305435
H 0.879892170 -0.896026671 -1.571713805
H -0.239107937 -0.177210823 3.077409744
H 0.258971006 1.365427494 -3.067943335
H 1.198429227 -1.660107017 2.137179375
C -0.386843711 0.758160412 -1.109763265
