21

C -0.543520272 -1.051372290 -0.300863266
N -1.069057703 1.728435874 -0.305826545
H -1.426399589 2.629272938 -0.602570713
C -0.681931913 -2.532340765 -0.560627937
H 0.743226349 2.865586281 0.189277276
C 0.790637493 -0.518389702 0.171393037
H -0.931721807 -3.072453737 0.354554981
N 0.183637962 0.792566001 2.289210558
H 0.242440537 -2.969666004 -0.946247160
C 0.279245645 -0.196762547 -1.222050190
H 0.555345476 0.098232538 2.908154726
H 0.134245947 1.838615537 -2.166321754
H -1.409781814 -0.571657658 0.097675025
H 0.721753001 -0.633051813 -2.103476763
H -0.805631757 0.633177042 2.134114742
C -0.004669162 1.295439363 -1.244700909
H -1.479418159 -2.728755713 -1.280247808
H 1.918704987 0.977951288 1.194997191
C 0.344428807 1.874651194 0.067540824
C 0.856842220 0.775472939 1.008024216
H 1.581623912 -1.234951735 0.317990959
