20

H 1.131045461 -2.909045458 -0.568293512
C -1.032142878 1.064454436 -0.426680416
C -0.429826617 -0.049327832 -1.296846509
H -0.771183968 1.331136823 1.767065167
H -0.263823867 0.295822471 -2.323734045
C 0.701374292 -1.364850760 0.506285250
O 0.371890038 -2.604290009 -0.083109155
H -1.393295169 -1.340558410 1.114891529
H 1.800230742 -0.275587797 -1.079454422
C -0.467864454 -0.828160763 1.368673444
H -0.997632623 -0.967865348 -1.311280251
H 1.598671913 -1.464027166 1.118175983
C 0.162644252 2.035964012 -0.391176611
H -0.290950388 -0.961945713 2.433967352
H 0.019850088 2.927637577 0.218413740
N 0.880421519 0.989460170 0.414053768
C -0.490514040 0.650891781 0.981394708
H 0.633161187 2.314865351 -1.333596349
C 0.887023509 -0.211018264 -0.493114591
H -2.049078941 1.366445065 -0.615635455
