22

H 1.868002534 1.601315141 1.576137066
C -0.127514780 -0.306734562 -1.064597368
O -0.754628897 2.096901178 1.106060386
C 0.019842999 1.029391289 0.614025056
H 0.017768905 -1.832863808 1.361323237
C 0.424529999 1.108441710 -0.902678967
H -0.157733768 1.875176191 -1.409180284
C 1.201198459 0.732799649 1.516445756
C -0.436755806 -1.055493474 -2.288465738
H -1.406248569 -1.121534705 2.136404037
H 1.779288530 -0.111123972 1.140182614
C -0.884541035 -0.197003394 0.267035812
H -1.279886127 -1.741937757 -2.323551178
H -0.164202988 2.817201376 1.360615730
H -1.888243794 0.204644665 0.072726652
H 0.850932539 0.493804514 2.523602486
N 0.668608546 -1.474180341 -1.412649751
H 1.482168794 1.266190886 -1.123849392
C -0.967382729 -1.402158976 1.175225973
H 1.548559904 -1.202039003 -1.817663908
H -1.593443155 -2.180572748 0.746642768
H -0.200319424 -0.600223303 -3.253791332
