21

H 3.280327082 -1.436773181 0.128495395
H -2.719372034 2.576433659 -0.678365231
C 2.190065384 -1.391810060 0.054879956
O -1.202261448 1.360984087 -0.138600156
H 1.777185321 1.861613393 1.311114311
H 1.933784485 -1.144603968 -0.966980815
H 2.039652348 -0.545177996 2.059814453
C -0.839275777 0.063752621 0.296912134
C 1.458929420 1.043877363 0.662779510
N 0.346237123 0.235789388 1.117615342
C -2.550668716 1.509127259 -0.465114117
C -0.758977890 -0.923442602 -0.858763278
H 1.819910407 -2.407593489 0.267650753
H -3.210808516 1.216610193 0.365529716
H -0.067388959 -0.587016940 -1.627282858
H -1.747141480 -1.044870019 -1.322890162
C 1.660240889 -0.376959383 1.048485160
H 1.527699113 1.280074835 -0.400006354
H -0.461708069 -1.909260392 -0.498136342
H -1.609567761 -0.311768472 0.997894704
H -2.866861582 0.931014180 -1.355032325
