19

H -1.581263542 -0.229938939 1.776063919
O 0.360121012 -1.689423442 1.737214804
H -1.282084107 -2.215076923 -0.278685987
C -1.877740741 0.222032875 0.889298201
H 1.679866672 -1.609872222 0.149297401
C -0.490679860 -0.308217168 -1.130744457
H 0.087338589 -2.425553560 -1.397516966
C 0.662483215 -1.305608034 0.418293297
O 1.483301163 1.046868443 -0.015540218
N -0.929161429 0.521856844 -0.011624917
H 2.106876135 2.908252001 -0.483259082
H 0.879188120 -1.132050633 2.331167221
C 1.172735572 2.351516962 -0.475239486
C 0.441574246 0.162486106 -0.031554934
H -0.628410578 0.040257223 -2.137658119
H 0.457215995 2.833804369 0.196402192
H -2.932769537 0.259500742 0.594253242
C -0.360091835 -1.769736767 -0.654917181
H 0.751500607 2.338901520 -1.475249410
