13

C -1.148974776 -0.633990943 0.134197190
C -2.608340263 -0.726168811 0.309944242
C 0.884520113 0.104356319 -0.116011761
H 2.645900249 0.533059299 -1.219792128
O 0.877380610 -1.238020301 -0.181116611
H -0.712569296 1.563863277 0.191857040
O -3.242742777 -1.750497818 0.306156576
N -0.406410158 -1.718517780 -0.032462835
H -3.101846457 0.254110783 0.454169422
H 2.901596785 0.438962489 0.505743384
C -0.379170507 0.552393794 0.094663851
H 2.079212666 1.849114418 -0.184149697
C 2.211443424 0.771335363 -0.263198614
