18

N 0.086981721 0.237153620 0.221709430
C -1.279390216 0.027979104 0.003391339
O 2.042404175 0.048747499 1.286594391
H -0.191227153 0.143877193 -2.587724209
H 2.447825432 0.276685983 3.310227633
C -1.122093797 0.658673227 -2.454611063
C 0.730640829 -0.168556839 1.380157948
C -2.340873480 -0.170843154 -2.223412514
O 0.222956389 -0.625552475 2.341030836
H 3.823312044 -0.076370113 2.218033075
H -3.309606075 0.146231979 -2.573505163
C 2.784382820 -0.292710185 2.449693203
N -1.752335310 0.607967556 -1.172888279
O -2.000780344 -0.543074608 0.765286922
H -2.204582930 -1.247139096 -2.172030210
H 2.659748554 -1.359068155 2.673312187
H 0.611364901 0.741771102 -0.473840445
H -1.208727002 1.594227195 -2.991425991
