19

H 3.783140898 0.142407864 -0.624332070
H 2.634054899 1.001542807 -1.662764430
H 0.727454662 -1.985170126 1.360190034
H -2.087209225 2.140828848 -0.379320681
H -3.110399723 -1.233205080 0.010986472
O 1.858832598 -0.221562088 -0.186220616
C -1.597871423 0.108258396 0.209842578
N -0.379370064 -0.572788060 0.274479866
H -3.503542423 0.143743873 0.791128755
C -0.159241661 -1.923911691 0.733395934
C -1.348722816 1.374752760 -0.241008133
N -2.767116785 -0.519792855 0.640448451
C 2.844360590 0.675985217 -0.642858803
H 0.583931923 2.366357327 -0.833904743
H -1.037589073 -2.225447416 1.309448004
H -0.016944192 -2.617682457 -0.111415595
H 2.912028313 1.564514756 -0.004044471
C 0.058749948 1.499336958 -0.481830329
C 0.605453730 0.281830370 -0.162220195
