18

H 1.270747304 -2.117486715 1.650696993
C 0.495503306 1.255861282 -1.374809027
O 0.551621556 -1.883022785 2.247586727
O 1.545615435 2.040008545 -0.892111719
N -1.883675575 0.640885830 -0.715760946
C -0.478259623 0.517347336 -0.488545358
C 0.274168134 -0.041318588 0.722081125
H -2.251109362 1.485085607 -0.287235767
H 0.495577484 -0.940012753 -2.135502100
H 0.032641359 1.679382920 -2.255926132
H 0.719322443 0.674303889 1.404286265
C -0.385738254 -1.179824233 1.475783110
H 2.183751583 1.460679412 -0.491491407
C 0.556338549 -0.230285048 -1.316031456
H -1.134587884 -0.783633173 2.173908234
H -0.901828289 -1.837865472 0.783794522
O 1.310529947 -0.602447271 -0.155611858
H -2.400618076 -0.137659013 -0.345111489
