20

H 1.921874046 0.894756556 0.533306539
H 0.209982559 2.405986786 -1.508274317
H -0.242588118 -3.222931623 1.872959971
H -1.450408697 1.844006538 -0.968139946
C -0.549765825 0.013389555 1.847108483
O -0.315681368 -1.793705702 0.383847088
H 2.057007551 -0.645843983 -0.309677392
H -1.713532805 -0.342865139 0.045184981
H -1.417029858 0.580935955 2.207326412
C 0.189577594 0.344886720 -0.648826420
H 0.335932702 0.614968419 2.052807808
H 0.473907501 0.282263368 -2.854135752
C -0.283876985 0.307310343 -2.086453199
C -0.352496564 -2.152390480 1.695442557
H 2.192826509 0.858886003 -1.203239083
C 1.671041369 0.367073268 -0.388433188
C -0.446377248 1.564470768 -1.293922067
C -0.664199889 -0.384159237 0.353471011
N -0.451938897 -1.254237652 2.582310677
H -1.164254308 -0.282800525 -2.312663794
