21

H 2.633082867 0.876248181 0.997528255
H -2.398818254 0.653660357 0.527405024
H -0.683906615 -1.575838923 -2.921034336
C -0.819622755 -0.856564105 1.240785837
H 0.666707039 1.953651071 0.018228238
H 0.991611183 0.249300599 -2.811478615
C 0.182793543 -0.548506021 -1.216079712
C -0.986682117 -1.210221887 -1.928200006
H -1.375976562 -2.065782547 -1.385690570
H -1.795768142 -0.485547006 -2.078839779
H 1.937360048 1.977991581 2.201658964
C -1.390328169 0.474548936 0.860695004
C 0.524165750 1.200581074 0.783024073
C -0.147683889 -0.027722063 0.154349029
H -0.353970259 -0.981978059 2.214564323
O -0.699599624 1.519350529 1.527785420
O 0.667390168 0.556118131 -1.964938521
C 1.764230132 1.062559366 1.640876889
H 1.678812504 0.242174536 2.343980551
H -1.375540733 -1.714092970 0.891085804
H 0.981743693 -1.299930692 -1.095706701
