23

H -1.034501076 -1.773350358 -2.390063763
C -0.000086984 1.366696596 1.865234256
C -1.018360019 -1.835999846 0.389799595
H -1.062409520 1.529737115 2.073620796
C -0.067621663 -1.554797292 -1.920251131
H 2.077136517 2.317307472 0.127096549
H -1.819208145 0.677804351 -0.216602296
O 0.726895452 2.592468977 1.739537477
H 1.446756482 -0.904412031 0.954021215
C 1.008040786 2.352420807 0.350718290
H -1.159003258 -1.373838782 1.365632415
H 0.473071396 -0.902932763 -2.604649544
C -0.238870233 -0.910356402 -0.546750724
C -0.792931736 0.536955893 -0.562277257
H 0.526577353 3.081531525 -0.301133275
H 0.480966300 -2.499645233 -1.857383251
H 0.419361293 0.726542056 2.649316788
H 1.862694502 -0.218530580 -0.614236593
H -2.010011911 -2.050886393 -0.021099653
C 0.313043863 0.972938716 0.408313960
H -0.500840545 -2.784588575 0.532699108
C 1.057677031 -0.364372820 0.112480454
H -0.688375711 1.019307256 -1.534023643
