22

H -1.498282075 -1.280171275 2.640180826
C -1.705209494 -1.511028647 1.587583065
H 1.051869154 1.889067411 -2.712901831
C 0.706606865 0.328486860 -0.407813281
H -2.278876781 -0.679783046 1.187791467
O -0.415392101 2.451119900 0.253254592
H -0.672070205 2.089300156 -2.344250441
H -0.759350121 -0.203115880 -1.797077537
C 0.493861824 -0.523411155 0.798444331
H -0.654976606 -2.011001348 -0.232745051
H 2.681758404 -0.004183115 0.587080061
C 1.841590762 -0.503781199 0.098487556
C -0.424396306 -1.737592697 0.789771080
H 0.108827755 -2.596739769 1.226063848
C 0.594681144 1.864215851 -0.522319853
H 0.460946649 0.045149844 1.731699347
H -1.231876373 1.955584526 0.113648720
N 0.197013170 0.146639615 -1.766573071
H 1.501666307 2.434858322 -0.311990619
H 2.100051641 -1.377526283 -0.467919022
C 0.252508700 1.623604417 -2.018696070
H -2.350951433 -2.399693012 1.568282366
