16

H 1.139629364 2.043072939 -0.905276000
C 1.131911874 0.131090507 0.192313701
C -0.235450104 0.809344649 0.319588870
C 0.877612591 -1.363697171 0.066711433
H 1.316132069 -1.807725787 -0.822569132
H 1.290559769 -1.878844619 0.930363536
H 1.948226094 0.458433568 0.825817406
C -1.250232458 -0.319783837 0.195910081
N -1.237919688 -0.963864326 -1.072350025
C 0.662024498 1.080195904 -0.869986594
H -2.160687208 -0.243320882 0.789952517
C -0.471462071 1.820804954 1.301062346
H 0.315999955 0.673902392 -1.806609154
N -0.580583811 -1.589067817 0.045939159
N -0.679564953 2.642060280 2.094763756
H -2.066196442 -1.492600560 -1.285631895
