18

C -2.152635574 1.030843973 -0.689897954
H 2.287986517 -1.214550853 2.572510481
H -2.540515423 2.580302000 -2.206352711
C 0.146059602 0.241948575 0.037586968
H -0.339342952 3.035152435 -1.506791234
H 1.190745115 -2.780172586 0.163056523
C -0.710525095 1.386363387 -0.249779165
N -0.506073356 2.037653446 -1.577701211
C -1.880555391 1.718419075 -2.035235405
C 0.821402252 -0.725404263 0.280934781
H 0.848467231 -2.247705698 2.591703415
C 1.644170761 -1.884422183 0.604366064
C 1.823401213 -2.085568905 2.106415987
H -1.937664747 1.062732100 -2.910596371
O -3.072208643 0.487537086 -0.182491541
H -0.693955123 2.081047773 0.588998497
H 2.621868372 -1.772052288 0.119686767
H 2.449374676 -2.952123880 2.293586969
