18

C 0.110700034 -0.315359622 -0.378516227
C -0.096537456 0.279950023 1.048481226
H -1.918014169 0.147943854 -1.217644572
N -0.413416296 2.719152451 -2.264834642
H 2.204400539 -0.720377088 -0.524063528
H 1.442595124 -0.417771280 -2.100139141
H 1.771200180 0.921783447 -1.003046036
C -1.059667945 0.665111303 -0.782436252
O -1.279196858 1.007068515 0.590945899
C -0.700933039 1.821317315 -1.610792518
H -0.739481986 -0.062941052 3.053346634
H 0.695089221 0.981590986 1.303005457
O -0.304746151 -1.655585170 -0.410709172
H -1.181309700 -1.367578506 1.917311072
H -0.074477687 -2.043310404 -1.261676550
H 0.489593238 -1.202614665 2.486413479
C 1.463328719 -0.113097928 -1.036965966
C -0.409126133 -0.645282149 2.191320419
