17

C -0.105242148 0.078044951 1.531392455
H 3.333393335 1.221517324 -0.600381613
H -3.798260450 0.307442039 1.520634174
H 1.161929250 -1.251086593 -1.920650482
C -1.542163253 0.167373449 1.510222435
H -1.173215389 0.470801562 -0.908850551
C -0.106948890 0.292946666 -1.056584954
C 0.103294320 -1.059801459 -1.745930433
N 0.541159928 -0.267453879 2.570880651
C 0.608960092 0.395174235 0.259215385
H -0.412265539 -1.067012310 -2.714787960
H -0.130280524 -0.447257698 3.337029934
O 2.443397284 0.939790368 -0.838729799
N 1.836922288 0.759145737 0.385932118
H -0.300741285 -1.865332246 -1.134799600
H 0.278457820 1.080887794 -1.707253933
C -2.738397121 0.244820490 1.512661576
