13

C -0.603969932 0.462930679 -0.001897332
H -1.618289113 2.257194281 -0.451644748
N 1.325586438 -0.510229766 -0.233955756
C -1.810921311 1.311889648 0.049848169
H 1.067340374 1.522174478 -0.977695882
N 2.510454893 -1.112631440 -0.374812543
H -2.653451681 0.817546070 -0.420029521
C 0.643529356 0.665326774 -0.501744211
N 1.093236446 -2.484054327 0.669071734
O -0.706876695 -0.811281621 0.561749816
H -2.088005781 1.523527026 1.087939262
C 0.501857400 -1.360184431 0.406464309
N 2.339509487 -2.282207489 0.186706796
