22

C 1.268201828 -0.590877771 -0.141365767
C 1.870093822 -1.078185678 1.094758749
H -3.692166805 2.142693520 -2.223306656
H -2.793321848 0.431865752 -0.643218160
H -0.776482165 -0.259978145 -1.974298835
H -0.784673691 -0.705245674 0.501087010
C -0.108051956 0.039074983 0.049920995
H -2.073166370 2.492458820 -2.811499596
C -0.728389919 0.551636696 -1.250036836
H -2.053050041 1.990711212 -0.343539983
H 1.189614654 -1.426008463 -0.859292805
H -0.050078843 1.294589281 -1.696151018
C 2.912654161 -1.954960108 3.384728909
H 3.253466845 -1.124622822 4.003877640
H -0.043416083 0.851979852 0.781161666
C -2.113838434 1.179612160 -1.070732117
H 2.178421736 -2.533635855 3.960716486
C 2.343053579 -1.470430374 2.133973360
H -2.797337770 0.918605566 -3.110829115
H 3.760450363 -2.601564884 3.197183132
H 1.934619665 0.139994875 -0.603232265
C -2.696602345 1.712286472 -2.379904270
