14

N -0.588753521 1.890269399 -2.716982841
H 2.152224302 -0.793923676 1.264476776
C 0.466741323 -0.467002779 -0.032069132
H -0.780284226 -2.104773045 0.425992221
C -0.607026279 1.319335818 -1.727231264
O -1.225913048 1.079573274 0.647438049
C -1.591001391 -0.219312698 0.210914463
H -2.641056538 -0.393300772 0.021549372
C 1.623226285 0.044841848 0.789034903
N -0.609351754 -1.163100123 0.746782899
H 0.788079560 -1.070888162 -0.873811662
H 2.332154036 0.602663100 0.171353519
C -0.573762655 0.577368915 -0.512614191
H 1.254724145 0.698248923 1.585167289
