17

H -0.346429557 -0.728108764 -1.985530376
C -1.750549555 -1.276584744 0.528099060
H -1.308382511 -1.535010219 2.507845402
H 1.876669168 0.370218992 -2.180581808
C 0.549126387 0.467753917 -0.485750049
C -0.001259791 -0.148952574 1.933912396
H -1.058226824 0.830591202 -1.799433231
N -1.810422897 -0.596869588 -0.549183786
H 1.692203760 0.885802269 1.211534142
H -2.408953667 -2.135564327 0.634728014
C 0.781356215 0.423652887 0.836581588
N -0.999456823 -1.068543792 1.671917677
C 1.566820860 1.077026010 -1.404025435
H 2.472735405 1.410972118 -0.875004709
H 1.144052267 1.945241928 -1.935021043
O 0.275676131 0.095850088 3.100665331
C -0.674958825 -0.017475249 -1.210753441
