20

C -1.625777841 -0.271103501 0.729172587
H -3.419839621 0.814534307 1.195489526
O 3.414556742 0.040434740 -1.618399262
H 2.227141380 0.473497987 0.993676901
H 2.914333105 -1.105798483 0.636440158
H 0.601751089 -1.231263638 1.658297896
C 2.118006706 -0.418733418 0.363109827
H -2.718062878 1.293961525 -0.338915974
C 2.319507837 0.015256763 -1.085149646
C -0.113062516 0.376834959 -1.122489095
C -2.470851183 0.991858602 0.687506080
C 0.738787889 -1.034927368 0.599093199
H 0.665614247 -1.996776819 0.078627817
H -2.172972679 -1.094339490 0.240721166
H -1.008200765 0.735287905 -1.598628879
H 1.167583942 0.828651905 -2.750097990
N -0.282661736 -0.117620587 0.145996690
H -1.966333985 1.827272534 1.161050797
C 1.080592275 0.436995476 -1.745287061
H -1.470111728 -0.564022839 1.769785285
