22

C -1.804478765 0.342801750 -0.140395328
H 0.207274511 -1.790782094 0.609359503
C 0.444420189 0.832350969 1.125534296
C -0.311189443 0.633789122 -0.224314928
C 1.723948121 -0.614641845 -0.158087119
H 0.733964026 0.485932320 -2.902204037
H -0.568675935 -0.698618412 2.327077627
H -0.557797670 -0.725723743 -2.817103624
H 2.712814093 -0.798691452 -0.544866621
C 0.448426962 -0.468021959 -2.462846279
H -2.343710423 1.130075336 0.394120604
H -0.187004685 1.558455110 -0.803190291
H 0.405942738 0.450623184 3.231661320
H -2.229057074 0.271423221 -1.153527498
H -2.010138750 -0.610965312 0.357095897
N 0.741917133 -1.698276401 -0.269404233
H -1.155294895 0.959375441 2.591529369
C -0.262689412 0.358874172 2.390073061
C 0.505887508 -0.421758354 -0.960053444
H 1.129482150 -1.233258963 -2.836748838
H 0.679038465 1.885835409 1.252100825
O 1.696920633 0.151202589 0.994190693
