18

H 1.259926200 -2.110488176 0.502154768
H -1.189224482 -0.485881150 1.440220833
H 0.898175359 0.614880025 1.955352068
C 1.431425095 -0.055400722 1.310188293
H -2.193583012 3.107008934 -1.016428947
O -1.532186508 -1.995804906 0.065409712
C -1.760416150 2.400990725 -1.746356487
H 2.625856400 0.503286481 -1.201629639
C -0.763283074 1.511299014 -1.189494252
H -0.812835634 -2.146550894 1.932770133
C -0.761710584 -1.436171532 1.106970310
O -2.079115868 2.383682966 -2.899870872
O 2.144716978 -0.340179861 -1.047786832
C 0.681542218 -1.210460544 0.720157027
C 0.078531750 0.817858934 -0.689018607
C 1.101358414 -0.054878190 -0.164025456
H -1.612182856 -1.324515820 -0.617836535
H 2.483005285 -0.178675309 1.539224148
