18

H -0.159094512 2.091934681 1.442060709
H 1.901192665 0.430886716 0.632281661
C -0.466097564 1.600147963 -0.602672398
C 1.148705602 -0.364382148 0.652816296
H -0.754174590 2.551351547 -1.041108131
C 0.979236126 -1.661224604 -1.580772400
H -0.699362040 -2.113739729 0.582229197
C -0.247342661 -0.062620610 1.251070142
H -1.755571842 1.490966082 1.114185810
C -0.705705822 1.349547267 0.856990576
H 1.593003511 -1.275015831 1.095765829
H -1.788825631 -0.933751702 -0.187086776
C -0.801489830 -1.091896892 0.222999752
H -0.408352315 -0.261003882 2.297397137
C 0.065400012 0.630418837 -1.360944510
H 0.269417256 0.756322920 -2.413420677
C 0.407652140 -0.676547408 -0.681390226
N 1.421409249 -2.461393595 -2.280401945
