17

H -2.112955809 -0.156419367 -3.196053028
H 3.163805723 1.185799241 0.418306351
H 0.000949838 -0.243805021 2.774626255
C 0.595814705 0.059832443 1.920579195
H 1.394838452 0.518777847 -1.258911252
C -1.976647615 -0.727270424 -2.273274660
C 1.264178038 0.443057835 -0.198805213
H -1.327932358 1.013136387 -1.421085596
C 0.200302422 -0.024566811 0.546127856
H -1.135612369 -1.604946256 -0.089705765
H -1.903905630 -0.269812226 0.756114841
N -1.449656367 0.027274832 -1.274331093
O -2.247438431 -1.894927979 -2.173999071
C 1.867608070 0.576482415 1.973941207
N 2.260619164 0.813289225 0.674959660
C -1.116096854 -0.516469419 0.022762831
H 2.522129774 0.800567150 2.798747540
