23

H 3.065299034 0.138782457 -0.374800056
C -0.275333583 -2.179670095 -0.495146871
H -2.417730331 -2.104484081 -0.384450763
H -2.458140612 0.268503398 0.559558630
H -1.305064201 2.534823179 0.664064169
C -1.567955017 -1.639174581 0.100001171
C -1.646067739 -0.107286908 -0.065861560
H 2.085744858 0.813572705 -1.675973535
H 1.058417082 0.927888215 1.941448331
H 0.391975850 2.701689243 0.252451420
C 0.939176381 -0.062742896 -0.056463197
C 2.146505833 0.693112314 -0.588886857
C 0.510213196 0.177678689 1.388540745
C -0.371746510 0.655076802 0.248095274
H -0.286224723 -3.204712868 -0.853460371
H 1.723012209 -1.885007620 -0.988276660
H -0.782172680 2.361248016 -1.007306933
H -1.923695564 0.121184140 -1.105062127
C 0.826715529 -1.455059886 -0.558396757
H 2.240104675 1.683051229 -0.151263967
H 0.205275521 -0.671033382 1.975398421
H -1.641292214 -1.908850312 1.150048494
C -0.517015934 2.141411781 0.025743468
