22

H -0.509944558 2.719429731 -0.627927125
C -0.065380529 -2.254420757 0.239291191
H 1.248388171 2.760099888 -0.775673568
C 0.533259511 1.447722077 0.795118392
C 0.579342008 0.134645432 -0.003807438
N -2.921887875 0.324094832 0.363000631
C 0.422482580 2.700815201 -0.063789770
H -1.436753273 -2.170265675 -1.482514143
H -0.934639275 -2.452920198 0.862911880
H 0.250494778 -1.848244905 -1.879372835
H 0.441170245 3.591441393 0.551294088
C -0.671621859 -0.185843319 -0.866422415
H 0.477747232 -3.196982145 0.134029537
H 1.866922259 -1.395412803 0.877257049
H 0.521226227 -0.949557066 1.896589518
H 1.406376362 0.213417128 -0.715435207
C -0.523934066 -1.696301818 -1.113981247
H -0.320093244 1.406350970 1.502747059
C 0.800820947 -1.126530409 0.866784036
H 1.432480693 1.497063279 1.414556742
H -0.669490397 0.387351662 -1.798234224
C -1.926966548 0.094047062 -0.176421836
