19

H -3.298326492 -0.503655434 0.663623810
H 2.763807535 0.749803007 -2.000176430
O -1.761724591 0.483235180 1.595627546
C -3.083994627 0.295951396 1.384555340
H 1.385181189 1.342441797 -0.156529203
C 2.299431086 -0.244394422 -1.954213023
H -0.623048782 -0.567269623 -1.352032661
O -3.923330069 0.936815560 1.934145689
H 1.455160737 -0.264521450 -2.643609285
H 1.111605048 -1.017439246 1.678065896
C 0.997460544 0.319689304 -0.073740460
H 0.656781673 0.639745176 2.106348753
C -0.860416949 -0.353139549 0.859947622
H -0.968354046 1.095474839 -0.820713758
C -0.486781716 0.157659933 -0.547758162
O 1.920593858 -0.573687971 -0.639953971
H -1.217036009 -1.380174756 0.897290230
H 3.044277906 -0.981524467 -2.275277376
C 0.588714123 -0.135009006 1.344399810
