21

H -2.370860577 1.871744633 1.772488236
C -0.227300391 -0.479488075 0.455922067
N -2.168179989 0.968069255 1.339977741
H -0.981131613 -0.415528357 -1.568403482
H 0.599340081 0.367782235 -1.362689734
H 1.590753436 -1.029718757 -3.110930443
H 0.843564987 2.057476282 0.226169094
C -0.790025175 0.764363408 1.143209696
H -0.128267318 2.790394306 1.561211109
H 1.400706410 -2.789042950 -2.920119047
H -2.566253662 0.252060026 1.932149887
C 0.219468921 1.888285637 1.087849140
H 0.573122323 0.864461541 3.095659256
C -0.005237274 -0.497906774 -1.043318987
O 0.633259237 -1.713711262 -1.383357525
H 1.832043648 -0.260930836 0.827315927
C 0.920430720 -1.826129675 -2.761084318
C 0.465534389 0.742688656 2.027696371
N 0.974106252 -0.429615557 1.334417820
H 0.004754363 -1.772125602 -3.370040894
H -0.819828451 -1.353128195 0.715878606
