19

H -0.653859854 -1.814003229 1.154720902
C -0.203986138 -0.213081330 -0.198589176
H 1.879270434 -0.542877138 -0.498687178
H -2.296152115 0.004478938 1.546856165
O 0.045267154 3.135548115 0.958517253
C 0.945727468 -0.775609791 -1.028833985
C -0.254999042 1.988881469 0.945555270
H 1.108562469 0.867322326 -2.436360598
O -0.884015739 1.427861691 1.994516373
C -1.290588021 0.066136248 1.986093998
H 0.090297580 -0.466754764 -3.002174139
H -1.149139524 -0.378485560 -0.731433988
O -0.009589162 1.217185378 -0.126258120
C -0.309872299 -0.778792500 1.198548555
H 0.665510774 -0.768058062 1.693494797
H -1.365455389 -0.225551561 3.018343449
H 1.840583205 -0.650455058 -2.997292042
H 0.841420829 -1.862172484 -1.032134414
C 1.001017451 -0.231572479 -2.444883108
