18

H -2.061873436 0.046583209 -1.210455418
H 1.274614096 2.954726934 1.338917017
O -0.956157327 2.244476080 0.407891899
H 2.171590567 1.789783597 0.342802882
H 1.514358401 1.281636357 1.893268943
H -1.908160686 -0.383193493 0.495601594
H 0.319369882 0.410385549 -1.421237588
C -1.075657129 -1.895813107 -0.861864150
C -0.026510129 0.204545960 -0.398388475
C 1.327522397 1.911869884 1.019136786
H -1.125730515 -2.048269510 -1.954140186
C 0.013029968 1.527051806 0.356730342
H 0.754858971 -0.984348953 1.259145737
O 0.266375214 -2.129038811 -0.413484186
C -1.416138530 -0.450967222 -0.480480433
C 0.811162770 -0.952324748 0.150640309
H 1.868579984 -0.903517187 -0.116934821
H -1.751234889 -2.623586655 -0.407150567
