18

H -2.556576014 -1.605822325 -1.155742645
H 0.764118075 -1.592262983 -0.028331611
C -0.484862238 0.016393168 -1.871418238
O -2.443421841 -0.744570374 -0.719626486
C 0.407207727 1.085730672 1.030454636
H -1.461503506 0.021852776 1.384288788
H -1.220046639 0.546805561 -2.492798805
H 2.269498110 -0.026999740 1.122637510
H 1.986707568 0.718358338 -0.446701020
H -0.764650047 -2.234645128 0.748668492
O 0.656508327 -0.100971207 -2.224367380
C 1.867877364 0.861043453 0.629961312
C -0.250707388 -1.393892407 0.304933250
H 0.370775998 1.259333968 2.103168964
C -0.594553828 -0.014461573 0.745824873
H 2.474813223 1.713518381 0.936903298
C -1.068491817 -0.517812133 -0.626874924
H 0.047307253 2.008401871 0.559020400
