21

C 1.366170645 -0.058753911 -0.536536813
C 0.149714962 -0.949701965 -0.366812140
H 0.577071488 1.964295626 -0.351610333
H -2.000337124 -1.212752461 -0.536909819
H 1.111921549 1.234852910 1.177387953
H 0.198231220 -1.756826639 -1.076427817
C -1.281585217 -0.583365500 -0.014945281
H -3.695018530 0.196514368 0.491883546
O 1.541327596 0.103359304 -1.937713981
H 2.440110683 0.448931068 -2.045995474
H -1.182200789 1.343284845 0.926708102
C 1.319103003 1.310697317 0.131469071
C -1.846770525 0.780516803 0.270364732
C -0.413903505 -1.328620315 0.970660269
H 2.603068113 -1.526720881 -0.489672750
H 2.303976774 1.781688213 0.018284051
H -0.047404259 -0.756339848 1.824869037
H -0.611586273 -2.365390539 1.192464948
H -1.965164423 1.359564781 -0.651757360
O 2.506787062 -0.708987713 0.012856977
O -3.073512316 0.723754287 0.991433322
