17

H 3.661269188 -0.087647736 1.476660609
H -2.106810808 0.126238376 -3.364058971
H 2.671113968 -1.453014731 1.821568131
H 0.481766462 -1.606184244 1.319004178
O 1.735803127 1.344943404 0.727805495
C 0.304713637 -0.536242902 1.206476808
H -2.645931482 1.799641013 -1.558839321
C -1.376586914 0.805972517 -0.159019768
C -1.971603274 0.976770163 -1.377463818
N -0.292625874 -1.143900275 -1.009301662
C -1.678379297 0.049335349 -2.371712446
H -0.211848795 -0.180497691 2.104018927
C -0.501526415 -0.280622452 -0.033100300
N 2.725931644 -0.489243746 1.598150969
C 1.660900831 0.214889228 1.138151526
N -0.876571596 -0.991592765 -2.201869249
H -1.579614639 1.451156735 0.683528721
