15

O -0.327791005 -2.639612198 2.024444580
C -0.383091629 -1.024718523 0.337979317
N -1.351570368 -3.164660931 0.073151581
H 1.370880842 2.004597187 1.101871252
O -0.863396466 2.238689423 -0.409020007
H 0.419892609 1.248792648 -1.701843977
H -1.705511689 -2.834980726 -0.781268895
C -0.126646861 0.069133177 -0.104001589
H -0.603330493 3.093568087 -0.752780676
C 1.519174218 1.906955481 0.028333640
H 1.760230422 2.885311365 -0.386827141
C 0.245785475 1.371964216 -0.619437933
C -0.671247125 -2.329355717 0.911924601
H -1.635524750 -4.059414864 0.427130520
H 2.352146387 1.233731747 -0.149655163
