17

O -1.091389060 0.076496832 -0.549844801
C 0.846054256 -1.669356704 -0.159725472
C -1.426922679 2.219438314 0.003214033
O 0.935527146 -0.367945671 0.428946614
H -2.761946678 3.535397768 -0.259827197
O -1.902202368 3.465931654 0.169802263
H -0.072377235 -2.167584896 0.190245077
C -0.050565574 0.494710743 0.175533935
C 2.080879211 -2.438650131 0.265392840
H 2.049314260 -3.443484783 -0.153560907
H 0.781609952 -1.578770280 -1.243934274
C -1.964642048 1.162415981 -0.648848236
C -0.169666737 1.795783162 0.537026703
H 2.115923166 -2.530192375 1.354404330
H -2.873488188 0.983761370 -1.165452719
H 2.987164736 -1.931628108 -0.061115820
H 0.516727388 2.393676043 1.117743850
