23

C 0.654299140 -1.901645422 0.063119404
H 1.736735582 0.897848189 1.992430925
H 2.617148161 0.133210436 0.677553117
O -1.328125954 0.798647404 0.469945520
O 0.902929723 2.184403181 -0.395415634
H -3.182686090 1.547692060 0.236674741
C -0.543928087 -1.329112053 -0.725371957
C -0.257340699 0.056210514 -0.110281937
H 2.393628359 -0.737846792 2.197324991
C 0.515249491 0.981597781 -1.039139509
H 0.164509401 2.405402422 0.166813552
H 1.426592112 0.488195837 -1.394825101
H -0.065451279 -0.844168842 1.817534804
H -2.190928698 1.641185522 -1.237120152
C -2.444038630 1.029987216 -0.365232229
H 0.533613324 -2.869863987 0.535152495
H -0.095017128 1.194008708 -1.918286920
H 1.568828583 -1.926304579 -0.538542807
C 1.903940082 -0.048475191 1.488278985
H -0.526730895 -1.415206909 -1.814496040
H -2.897217035 0.097460143 -0.732627749
C 0.611150503 -0.652657509 0.984455585
H -1.497159481 -1.730568051 -0.357944340
