16

O 2.529546738 0.948899925 0.372715890
H 0.521960199 1.154029846 -1.484596610
H -2.412773848 -0.853016973 0.758869231
C 0.055685449 1.130770087 0.753842831
C -0.423346579 -1.723115563 -1.381805301
H 0.128565744 2.187241316 0.984956563
C 0.252851784 0.562114298 -0.618875325
H -0.818752468 -1.510918975 1.169432044
H -1.649102569 -0.053799991 -1.379029155
C -0.840651870 -0.476878941 -0.770028949
O -1.033983350 0.525782347 1.369120002
H 1.397111177 -0.658621132 0.877058923
N -0.095643215 -2.723862648 -1.851348639
C -1.344447255 -0.683952332 0.694355726
H 2.432371616 1.833820701 0.042910513
C 1.300608635 0.341507614 0.462422192
