14

C -0.820664942 -0.600092649 0.692716181
O 1.734685898 0.242695823 -1.222359180
H -1.289838314 0.136886120 -1.386104703
H -0.766837180 -1.577691078 -1.362392664
C 0.708082259 -0.128084436 -0.406753510
C -0.703107417 -0.608341098 -0.863456607
C -0.040987372 0.783067763 0.660001516
N -1.307358503 2.880834579 -0.210214913
O 1.226876736 -2.089217424 1.165597558
H 2.574539900 0.067638345 -0.759611905
C -0.746956348 1.927630782 0.161167204
C 0.579600930 -1.234546661 0.662917197
H 0.525190115 1.040436864 1.560137510
H -1.673225760 -0.841216624 1.308356285
