19

H 3.237807751 2.234736919 0.059424691
N -2.000951290 -0.817507207 -0.353598148
H 1.811991692 2.194580793 1.110288978
H -1.766328692 -2.910123825 0.108295724
H 0.931149602 -0.536904871 1.378759980
C 0.623808980 0.471632779 -0.488154411
H -1.986550331 1.064947486 -1.165268540
H -0.366823226 -2.184572935 -0.814699769
C -1.105261326 -0.885342062 0.805363715
C 0.124992371 -0.004190169 0.857358038
N 1.719659567 1.059394717 -0.709970772
C -1.560529590 0.078568310 -1.383345008
H -0.097959325 0.867687047 1.484528780
H 2.899336576 0.819295585 1.041777611
O -0.140125155 0.175378054 -1.583017230
H -1.638230443 -0.967224121 1.738515258
C -1.195754766 -2.016219378 -0.154647321
C 2.443968773 1.607895851 0.430763990
H -1.934201360 -0.252033263 -2.362376213
