18

H 2.062193871 -0.939574063 -1.436846733
H 0.994751692 -1.306426525 3.295307636
H -2.247497082 -0.545672476 1.044968009
C 1.517303109 0.623202920 0.051211976
C -1.639386892 0.516597927 -0.567419708
C 0.517501354 -0.376472235 0.524536908
O 1.257980585 -0.752385497 2.556519747
H -3.472962379 0.124191560 0.212926731
H -0.411832064 -1.084283471 -1.341999650
N 0.281892419 -1.015652776 1.589984417
H -1.453438044 1.473686695 -0.074894935
N -2.584044695 -0.366493315 0.106962249
C 2.018601179 0.132423088 -1.257287979
H 1.952410698 1.455503345 0.598179638
N 0.721355677 0.788124084 -1.268379092
H 2.801419258 0.723324239 -1.723975778
H -2.021094561 0.745296180 -1.574593067
C -0.295154601 -0.195389509 -0.735200167
