16

C 0.521698713 0.522842944 0.997011602
H 0.863988161 1.079534411 1.846418142
C -0.150140971 -1.275941253 -0.231610820
H -1.257401347 1.779703140 0.767721355
N 0.012310991 2.511704922 -2.008157253
H 1.160040498 -0.397916019 -1.745649338
C -0.630720854 1.157161951 0.132616460
H -2.281982183 -0.443897784 -0.179616272
H -0.604839385 -1.292412639 2.040903807
C 1.192417264 -0.830521226 -0.736599147
C -0.359917790 -0.736367345 1.149422765
O 1.628706455 0.170590490 0.199011877
H -0.512954235 -2.278727770 -0.453989178
C -0.258835822 1.915251851 -1.059897423
C -1.239792943 -0.238295227 0.015449269
H 1.917423368 -1.642710686 -0.733036041
