14

H -0.243081361 1.608559012 -0.732103407
H 3.092622280 0.341008425 0.869922221
H 0.190993220 -2.286889791 -1.293757796
N -0.178465381 -1.397242785 -0.979740381
N -1.745172143 0.156125829 -0.534468353
C 0.561445594 -0.394448400 -0.382986754
O -0.822598398 2.268435001 1.674886823
C -0.459568322 0.720731616 -0.128538728
H -2.252567530 -1.662226439 -1.424278498
N 1.787459850 -0.529891074 -0.106177390
C -1.496362925 -0.996882796 -1.010867119
H -0.156383753 0.404626071 2.070853233
C -0.484913915 1.172315001 1.348987818
O 2.206592798 0.595780194 0.628268600
