16

C 2.442610979 -0.348176092 -1.053459883
H 2.842512131 -0.677009106 -1.997596145
C -1.715484858 -0.633049011 1.512535214
H 2.870443583 -0.831740081 -0.190244094
O -1.339532614 -1.331960917 2.413846970
O -3.656933784 0.560523093 0.694033980
H 2.079961777 1.725804806 -1.774340749
H 2.127715111 1.541369915 0.035035510
C 0.977574468 -0.052513346 -0.972825289
H 0.395110875 -0.134702459 -1.877950430
H -3.706810474 -0.441391110 2.445737123
N 0.308148175 -0.413035125 0.231679961
C -3.165209055 -0.123439640 1.539201498
H -1.527326584 0.301759392 -0.424113125
C 1.991867781 1.065278411 -0.919303179
C -0.924648225 -0.207718641 0.337762773
