23

H 1.299007893 2.746688843 0.386658818
C -1.113495231 1.135043383 -0.759728014
H -1.284412980 0.760964155 -1.776161909
H 2.117512941 -0.074854039 -0.548978865
C -1.446534753 -1.593657374 0.808767736
H -1.534193635 -2.681625128 0.784769475
C 0.008378708 0.352292627 -0.071377225
O 0.846241832 -2.017494202 -0.002767482
H 2.528532982 1.722235799 1.125301361
H -2.066066742 1.042904496 -0.226441100
H 1.459145427 1.212668061 -1.591706991
C 0.089732781 -1.978520513 -1.215856791
H 0.604931951 -1.520206213 -2.060532331
H -0.467305303 -2.876991272 -1.449104190
C 1.413977385 0.770003021 -0.591433764
C -0.304825157 -1.143939137 -0.068574831
C 0.404560626 0.958121955 1.309358001
H -1.272168636 -1.302161813 1.847859025
H -0.871470690 2.193847656 -0.825697958
C 1.565258741 1.717426419 0.620739341
H 0.770171881 0.187629953 1.995577455
H -0.358017504 1.552176356 1.815540671
H -2.388962746 -1.162551761 0.493788809
