17

H -1.200827599 -2.003594398 2.256092310
N -0.315190077 0.544936538 -0.332361102
H 1.363055110 0.555799067 0.916773260
C -0.999803483 -1.168073773 1.597781062
C -0.105199620 1.312157750 -1.456971169
H 2.201858997 -0.204155654 -1.320176005
N -1.908514619 -0.365521312 1.308512211
H -2.345156193 0.929566741 -0.277809441
O 0.294554949 -1.154205441 1.237620950
H 1.161263108 -1.638919234 -1.209520459
C -1.535893083 0.754388630 0.431676179
H -1.487614751 1.645762324 1.060532808
H -1.052725196 1.490244627 -1.998597383
C 1.714973569 -0.895528972 -0.642838836
C 0.786809504 -0.156298563 0.319561869
O 0.946343482 1.764748335 -1.835406542
H 2.482065916 -1.411306500 -0.054869458
