20

H 0.645064890 -0.248123974 1.658787847
H -0.389360726 1.398892403 -1.133982301
H -0.947870791 1.619184136 1.313181996
H 0.066888921 -1.073542237 -2.464755058
H -2.201221466 0.471832901 0.815192759
H -1.644513369 -2.065140724 0.777862251
C -1.316422820 0.596804321 1.423623562
O 0.360959142 -0.346136957 -3.021324158
C -0.253115684 -0.435962021 1.066742301
H 1.443236947 1.357840419 -2.766160965
H 0.035997000 -2.579866409 1.021365762
O 0.125870869 -0.413830101 -0.320433527
N 2.090180397 2.294367313 0.580200374
C 1.211781025 0.438494146 -2.209363461
C 1.389890552 1.629637957 -0.058680661
H -0.938409150 -2.003315449 2.391599655
H 2.147601843 -0.067948826 -1.967735767
C 0.505461931 0.802518785 -0.900050163
H -1.607308149 0.481020659 2.468873024
C -0.724710643 -1.856726050 1.325056791
