15

C -0.444951415 -0.705653429 -1.656473517
C -0.612391114 -0.461508960 -0.157836020
H -1.347050667 -1.139241576 0.262345523
N 0.706953049 -0.460741967 0.528109312
C -0.783491731 1.006131530 0.247038469
O 0.099632844 -1.979280591 -1.870261431
N 0.822325826 1.617132425 3.376910448
H 0.193628550 0.085283823 -2.087218761
C 0.640946567 0.992063761 0.858095169
O -1.635376692 1.824047208 0.156589136
C 0.756901622 1.351512313 2.263267040
H -1.409997940 -0.675417721 -2.147880316
H 0.724534512 -1.034870148 1.356352806
H 0.935212076 -1.992634177 -1.400316358
H 1.353124261 1.573177099 0.271278083
