15

C 0.235044584 -0.255505204 -0.231412455
H -0.563391209 -1.531376719 1.211128831
H 3.539522171 1.443097830 -1.415288806
O 3.159209013 1.373117685 -0.529480577
N 1.261168838 0.391764283 0.411331832
N 0.366011202 -0.362073570 -1.513876438
H -2.552714348 -0.175481007 1.774075270
C -0.957373679 -0.804039419 0.478266895
C -1.719348311 0.269911587 1.252022505
O -1.844315529 -1.448659897 -0.401280314
H -2.108362675 1.018406868 0.549174488
H -1.372666240 -1.695529461 -1.187446117
H -1.057981133 0.767329693 1.960372925
C 2.026555777 0.715180993 -0.583706737
O 1.588641405 0.293855995 -1.773881435
