16

C -1.591290236 -0.918431282 -0.165099263
C 1.318337440 0.876434147 0.091496609
H -0.966148019 1.449086189 1.396563530
O -2.199469805 0.219455332 0.271718085
C -0.052416317 0.823290408 -0.499660611
H 2.789573908 -0.589210808 0.652519584
H 1.839496136 1.804861546 0.269165993
O -2.111325741 -1.989771843 -0.121320896
N -0.324146271 -0.616125941 -0.634019196
H 0.538155138 -2.068062544 0.680261254
H -1.737095356 2.193031549 -0.034192339
C 1.810609579 -0.352680713 0.277346015
H 1.207313061 -2.046566248 -0.928656340
C -1.259358644 1.290685177 0.356196821
H -0.074055515 1.325026512 -1.460874319
C 0.811820507 -1.401022196 -0.151444972
