21

H 0.397237301 0.719075322 -2.176076651
C -0.601788640 2.238573551 0.637221754
C -0.834991574 0.765538871 0.497780234
H 0.230413735 2.433775425 1.327098846
H -1.296183944 -3.036979914 0.966823816
H -2.082839966 -0.448499411 1.873092294
O -1.631003857 0.306636125 -0.609521925
H 0.559021473 -1.670773387 0.946478367
C 2.104408979 -0.239005953 -1.247846603
C -0.416887939 -1.345261216 0.609628439
H 0.381809264 -1.030868769 -2.294869184
H -0.366634995 2.681943655 -0.329420030
H -0.431181580 -0.142508566 2.488940716
C 0.606914699 -0.196724758 -1.624289274
C -0.315943807 -0.256859004 -0.454773962
H 2.728442430 -0.202850446 -2.137937546
H -1.488157988 2.730096102 1.039686561
H 2.343144178 -1.177989721 -0.718524039
H 2.377140999 0.596402049 -0.601839066
C -1.038073301 -0.280073881 1.591371298
O -1.224845171 -2.443646431 0.216976270
