21

C -1.429236293 -0.877236843 0.193096057
C 0.425234079 2.290122747 0.375075847
H -0.402259797 -3.399070740 1.047237873
C 0.105123967 1.745768547 -1.595458031
C -0.018379286 0.948436320 -0.266926348
C -0.085855655 -1.518591046 -0.012001945
O 0.478632361 2.951465368 -0.901458025
H 0.895676494 1.401522875 -2.262857437
C 0.871899903 -0.293223739 -0.052593645
H 1.381092429 -0.205735937 0.915015280
H 1.403760672 2.250500202 0.863149345
C 0.293241173 -2.548470974 1.058651924
H -0.299191654 2.752914667 1.050707102
C -1.395430803 0.438266158 0.055040631
H -0.069535211 -2.024559975 -0.989615560
H -0.818371117 1.870181680 -2.174038887
H 1.647547722 -0.384242296 -0.825445235
H 0.262855053 -2.100181818 2.059841156
H -2.310595751 -1.474886298 0.417994708
H -2.238067389 1.119578362 0.150707439
H 1.301859021 -2.942558289 0.893876910
