19

C -0.464262754 -1.075636864 1.258993745
H -0.550306618 2.036107302 0.729827464
C -0.318049639 -1.123509526 -0.844103634
N -0.069876961 -2.562637568 -0.766621113
H 1.430121064 3.264101505 -1.160670996
C -0.583669245 0.012318607 0.103232309
C -1.731422424 -0.859497964 -0.245071605
O -1.824850798 -1.515813947 0.993974507
H 1.762341022 1.005252719 -0.987587512
H 1.848927498 1.279512286 0.757451415
C -0.161535650 1.425589323 -0.087710686
H -2.616870165 -0.694854379 -0.849897802
O 1.700128794 2.962045670 -0.289388925
C 1.351097345 1.610904336 -0.175592750
H -0.261473000 -0.939912856 2.310416460
H 1.524677992 -1.674200892 0.399315655
H -0.621826351 1.794151187 -0.998761237
H -0.867295921 -3.106780767 -0.472331733
C 0.454146296 -1.837137938 0.324526399
