24

H 0.290857524 0.438052088 1.848502994
H 1.220588684 -0.670897901 -2.975706339
H 2.696847677 -0.489420474 -0.265208244
H -2.100566149 -1.467393160 2.177273989
H 1.910218716 0.929068983 0.418292761
C 1.981627226 0.311857611 -0.488444299
H 0.049486101 2.177068472 0.428953528
C -1.554213285 -0.527888775 2.360480785
H -1.405638814 -0.456457973 3.442118406
C -0.394127250 -0.654616237 0.117530517
H -1.347146034 0.317657411 -1.618178725
C 0.786400914 -1.202677488 -2.118405104
C -0.681820512 1.968793988 -0.357018024
C -0.235023841 -0.497749418 1.619452357
H -2.210118294 0.291322827 2.060480118
C 0.642586291 -0.281253994 -0.920665622
C -0.631436408 0.528114438 -0.820226371
H -0.964699626 -1.552263737 -0.131285787
H 1.454034090 -2.050129175 -1.898329854
H 0.410936326 -1.295313358 1.980421543
H 2.407502890 0.934779108 -1.270290136
H -1.678558469 2.218767405 0.030904653
H -0.475571275 2.633007765 -1.194959521
H -0.172166452 -1.602429152 -2.425694466
