19

O 2.814578295 -1.305009007 0.571783602
H -2.311013460 1.106839538 1.129244924
C -0.875026941 -0.444273114 0.374166965
H -1.126136422 -1.119786382 1.163301110
C 0.591473520 -0.421657979 -0.033422489
H 1.026740074 -2.302856922 0.902767301
H 0.703485429 -0.785901845 -1.064961672
O 1.133676052 0.891593277 0.015506599
O -0.893814921 2.042199373 0.014152166
C 0.329992890 1.830954790 -0.637048364
C -1.593456149 0.885082781 0.345573217
H -1.649703979 -0.036874432 -1.702010632
C -1.964859605 -0.163445830 -0.678402781
H 0.152769595 1.512165904 -1.668083072
H 1.375241756 -0.885431647 1.898683190
C 1.447030067 -1.290412188 0.885584712
H 0.849296808 2.778814316 -0.625587821
H -2.915092230 -0.659981072 -0.557886004
H 2.904819012 -1.632019639 -0.333361208
