22

C -1.031168818 0.571212709 -0.309118897
H 0.355947793 2.159874439 -1.278628349
H -2.606426001 -1.486068010 0.648257732
H 2.107612371 1.872661114 0.447430253
C 1.815023541 -0.254933715 0.924395740
H 1.929847240 -1.064635515 -0.938924432
H -0.047869880 2.635955334 1.586955667
C 1.322581291 1.122173429 0.521421373
C -1.102714896 -0.857267320 -0.788138270
H -3.263996601 -0.970631182 -0.908208668
H -0.285951227 -1.459699750 -0.357423425
O -0.984044433 0.748073101 1.136313200
H 3.333197117 -0.439866126 -0.435498536
H -1.899074912 1.119175553 -0.686715364
H 2.496783495 -0.134413943 1.780946374
C -2.438775063 -1.504653454 -0.433523834
C 0.205075607 1.458449841 -0.466401160
H 0.974675715 -0.836792052 1.286180615
H -2.490855694 -2.543922663 -0.761512339
H -0.955659747 -0.865007758 -1.865597367
C 0.047610827 1.725034475 1.017464161
N 2.518182516 -0.994717956 -0.119674571
