19

H 1.656520486 -1.451361060 -1.452707052
C 0.328260630 -0.363941580 -0.216456056
O -2.200516462 1.859540701 -0.245105132
H 3.679116726 -0.041357573 -1.040591598
C 2.692044497 0.336040050 -0.799075544
C -1.846276760 0.180257306 1.558729768
H -1.103789330 -0.074142158 2.296969414
H -1.816716552 2.682472944 0.093635410
N -0.038261041 0.876819491 -0.044199895
N -0.665501893 -1.312535882 -0.021640202
H 2.074130535 -1.465306759 0.238321051
H -2.821803808 0.480203390 1.943690419
C -1.888117552 -0.593664587 0.263619393
C 1.711568117 -0.808875382 -0.558970451
H -2.797266245 -0.941005230 -0.184298113
H 2.361155272 0.966125727 -1.620338559
H 2.776224375 0.974552989 0.086523704
C -1.427443385 0.843220174 0.279729217
H -0.673328698 -2.147042751 -0.577835917
