14

H -4.103782654 -0.092546634 0.053172655
C -2.060848236 0.247973725 0.823079526
C -3.099107742 -0.510906696 0.109830871
H -2.816002607 -1.171264052 -0.702168405
C 2.564891100 0.608104765 -1.171960711
N 2.815515041 -0.633718312 0.621592462
O -2.684185505 -0.908962250 1.401518106
O 3.839237452 0.274000585 -1.058726549
C 0.507943869 0.097239956 0.180560604
C 1.861923456 0.051487561 -0.133436397
H 2.249738216 1.236699581 -1.986396074
H -2.351469278 1.182806373 1.278050900
C -0.672374487 0.146580413 0.463636875
N 3.948521376 -0.527494967 0.121246330
