17

N -1.464668632 -1.379332542 -0.206141010
H -3.194238663 0.187547594 -1.251910090
N -0.317628622 -1.837513685 0.336982161
C -1.243008018 -0.101104133 -0.433608562
H -2.554854870 1.606480360 -0.362384707
C 1.990483165 -1.165766597 1.011590242
H 2.586303473 -0.242617443 0.987511098
C 0.076503724 0.274036437 -0.030940074
C -2.288455963 0.776644230 -1.045640588
H 2.527849197 -1.921103001 0.428990632
C 1.183462262 2.641569376 -0.192893058
C 0.670976877 1.546832323 -0.116144709
H 1.620368123 3.598377705 -0.266676873
H 1.948598981 -1.508359194 2.050793409
C 0.649821103 -0.889329612 0.463689446
H -1.940736651 1.217961907 -1.974656105
H -0.250774652 -2.804323673 0.601438522
