21

H 1.345327973 -0.419490874 -2.303187847
H 1.490790606 0.171944633 0.704990268
C -0.126014024 -1.188660860 -0.889927328
C -2.500951290 1.545313716 2.276322365
H -1.739224792 1.571627975 3.064377785
H 2.433250904 -2.125152111 -0.013630726
H 1.582348824 1.399312735 -0.585810542
H -3.131460667 2.435728550 2.362361193
C 2.441529751 -1.757611036 -1.036895990
C 1.166302085 0.435666323 -0.298250258
H -0.775760412 -1.597759247 -1.659592390
O -1.118946433 0.402751833 0.772332013
C 1.325157762 -0.778245211 -1.264173388
C -0.364806622 0.250223994 -0.423240811
H 2.355690956 -2.618411303 -1.708246589
C -1.836378574 1.528022885 0.932864964
H -0.801105976 0.886473715 -1.189786673
H 3.422516823 -1.297574997 -1.217675567
O -1.933732390 2.380580187 0.095765240
H -3.109628201 0.649400473 2.415382624
H -0.124905176 -1.874141932 -0.033978343
