18

H -1.392828345 -2.888177633 0.866514146
H 1.843028545 -0.691149771 1.502463460
N 0.087586746 -1.809581518 1.873204708
H 1.177212358 -0.800441563 -1.732078910
C 0.045888811 1.160127401 -1.562373757
C -0.470006824 1.249738336 -0.099867523
H 2.024857521 0.492156208 -0.845839322
H 0.429822236 2.077431202 -2.014720917
H -0.715580940 0.743684590 -2.221212387
O -1.818693519 1.414906740 0.183096141
C 1.053417563 0.076592259 -1.095792055
H 0.542426407 0.192375094 2.306486607
H 0.067371771 2.028420210 0.460852891
O -0.813524723 -1.160451889 -0.098341130
C 0.758262873 -0.551350594 1.528846502
C -0.735150993 -2.034580231 0.938765883
H -2.265754938 0.636043310 -0.152942240
C 0.181665674 -0.135742411 0.162937924
