19

H -1.899711967 -1.066177607 -0.690833747
O 2.847456455 0.069412395 -0.161682934
H 2.685879230 -0.581165016 -0.821044564
C -1.530439258 0.495299250 -2.086371422
C 1.789573908 -0.931917787 1.777335763
H -1.336141944 1.566858888 -2.094026566
H 2.713083506 -0.791526318 2.338376284
H -2.421718597 0.316682488 -2.691879749
O -2.934008360 0.630958140 -0.150634542
H 0.947567284 -0.824063182 2.450961351
C 1.733294010 0.103086442 0.674410224
H -2.724090576 0.900655866 0.759357333
H -0.691093743 -0.029580023 -2.536673307
H 1.797685385 -1.933286190 1.355151892
O 0.571033120 -0.119492523 -0.197381884
C -0.623010993 0.289350092 0.282630593
O -0.772043884 0.775035501 1.367344856
C -1.791469455 0.025882475 -0.660010755
H 1.638156295 1.103987098 1.084971428
