13

H 0.333819002 -2.306459427 -1.495809078
C 0.275780797 0.121258475 0.470710695
N 0.656899393 -1.026610494 -0.003207036
H 1.659917593 -0.075543188 2.091979742
H 1.397811413 1.601758361 1.521974683
H 0.155719772 0.823568642 2.469396114
N 0.030466748 -1.415750623 -1.135165215
C 0.916508675 0.641180515 1.717419028
H -1.327702403 -1.138794422 -2.650890589
O -1.084738970 2.044346094 0.284246475
C -0.915592432 -0.691164017 -1.749170303
N -1.334583879 0.452937037 -1.342262506
C -0.764305651 0.969272912 -0.179222584
