17

H 1.827295542 -1.765134811 -0.725869358
C -0.165206105 1.003525019 -0.062123939
H 1.781440616 0.780106187 -1.104522467
H -1.034359097 -1.920021176 -0.009333362
C 0.895518899 -1.211201072 -0.556678593
H -1.805119395 2.001300812 -0.995416820
C -0.072980680 -1.749143243 0.470114887
H -0.238684773 2.433711052 -1.672676325
C 0.892764866 0.243155465 -0.765559912
H 0.660674095 -0.629328251 2.176309109
C -0.250763655 -0.696574330 1.585999250
C -0.752349854 2.199271202 -0.747840166
N -0.606950462 0.618218005 1.090081811
O 0.352880031 -0.656763792 -1.751925468
H -0.724545419 3.065673113 -0.091918655
H -1.030853868 -1.020720720 2.277476549
H 0.271239668 -2.696073771 0.883883119
