18

N 1.222361922 3.203939438 0.418176115
C 0.383203357 -2.381141901 -0.694117665
N 0.583974481 -0.143600553 0.107169837
H -0.826062620 -0.244197696 2.406175613
C -0.212049976 -1.029181361 -0.729066074
H -1.068934798 1.096719384 0.328998357
H -0.982624650 -1.224291563 -2.753670216
H -0.806470931 0.451116651 -2.201004505
H -0.753077328 1.489565492 2.776743412
H 0.727902651 0.525787115 2.740552187
C 0.642008483 2.223478794 0.571910143
H 1.493945956 -0.008749653 -0.185492575
H -1.194987059 -1.112765670 -0.281396747
N 0.845132053 -3.432762146 -0.705106020
C -0.075170636 0.950730681 0.774994731
C -0.234909937 0.664016247 2.275070190
C -0.356612921 -0.542943358 -2.179775953
H 0.612371743 -0.485719413 -2.670160770
