21

H 0.643358767 2.095702648 0.838830590
N -0.313641340 0.225377098 -0.811678588
H -2.051638603 -0.633944869 -1.530973673
H -0.326439857 1.069561958 -3.433119297
H -1.859314799 0.323187739 -3.842089415
O -0.964328110 -1.434128046 0.545444369
H -1.810225964 1.617424607 -2.639086485
N 0.671212077 0.029451890 1.292667031
C 1.360014558 1.312281132 1.073260546
H 1.879317164 1.549512506 1.997129321
H 0.372727007 0.922897637 -1.005246043
O 1.837359428 -0.171302989 3.277981758
C 1.017570257 -0.656968057 2.511347532
C -0.245004237 -0.468935281 0.360114634
C -1.282692909 0.748585522 -3.021228313
H 0.618444800 -2.308036327 3.576869726
H 2.098616123 1.242676854 0.271112263
C -1.089143634 -0.301857144 -1.926631331
N 0.375933260 -1.834206700 2.720129967
H -0.610756755 -1.187849641 -2.342384577
H -0.321367681 -2.139430761 2.087549925
