20

H -1.510570407 -0.699899673 -2.786047697
H 1.388725758 1.174500704 -0.715192318
C -1.879071951 0.072913155 -0.809468269
H -1.797737956 -1.922398090 -1.568703651
H 2.150899649 1.304919720 1.329315901
H 0.588573277 0.508372545 -2.129508734
C -0.475722909 0.212333933 -0.290625572
H -0.989158034 -0.644100785 1.503201962
C -0.153974146 -0.352274120 0.885362446
H 2.912978172 0.190623581 2.449480772
H -0.020980846 1.986826420 -1.400513291
C -2.113910913 -0.937043488 -1.911424041
C 1.191961288 -0.655996323 1.437921047
C 0.414845258 1.000406504 -1.183395386
C 1.951905727 0.524062932 2.049563169
O -2.774976015 0.759560943 -0.392469168
H 1.382117748 0.974380970 2.859676123
H 1.813810229 -1.102602720 0.652693987
H 1.079623818 -1.424059868 2.214133739
H -3.159336805 -0.970526099 -2.194001913
