21

C -0.786367416 -0.894450784 -0.231844634
C -0.030787660 -0.438810229 1.589083910
H -2.274543524 -1.316539049 -1.715852499
O 0.112868175 -1.574860930 0.716238260
H 1.691981792 2.840676785 -0.472524613
C 0.931111336 0.833971083 -0.309504718
H 0.032018349 -0.710762799 2.645716906
H 1.744974732 1.927745938 -1.985212088
H -0.916595578 -2.445109844 -1.709204078
H -0.035398707 0.179652840 -2.073822737
H -2.199578762 -0.754023731 1.460433245
C -1.419558287 -0.162950844 0.972255826
H 2.907246590 1.602341652 -0.701059163
H -2.150957823 -2.533605099 -0.438711017
H 1.995648742 0.290597796 1.488049030
H -1.746519208 0.871690571 0.838629365
C 1.866638303 1.853550434 -0.906927884
C -1.584791899 -1.861176133 -1.075490594
C 0.064258963 0.106861159 -0.995939970
C 0.990650713 0.620756745 1.181725264
H 0.807700515 1.564444304 1.723961949
