21

C 1.049320579 -1.015882611 1.183318496
H 0.153394073 -1.604806662 1.026982665
C -0.336449802 0.917218149 0.336884499
C -0.063197300 0.958110332 -1.205030441
N 0.673594475 0.388369679 1.200863481
H 1.448880434 1.014970064 1.325417638
H -0.480873585 1.969988942 0.624739289
H -3.517147541 0.200642586 0.429802120
H 1.397284627 -1.268467903 2.196599960
O -0.093033567 1.992425680 -1.822778702
C -2.695305824 0.848544598 0.179270208
O -1.510125995 0.174753562 0.576954484
C 2.136762857 -1.387820482 0.163429067
H 0.460868090 -0.302626550 -2.705838919
H 1.850309968 -1.177357554 -0.837173522
H 2.373348236 -2.446090937 0.252571642
H -0.423870862 -1.033667684 -1.410927773
H 3.042259693 -0.834108472 0.390162557
H -2.816127062 1.788528204 0.744047880
H -2.715028286 1.074848533 -0.866736591
N 0.065135539 -0.257571340 -1.782557726
