18

H 0.710487783 -1.095097661 2.483424902
H -1.069218755 0.783683479 2.180572748
H 0.108855888 2.295104265 0.779771984
H 0.831475496 0.287167162 -2.575713634
C -0.871212184 -0.252504528 -1.227658391
O -0.662559867 -2.113982439 1.433233619
H 2.698059559 -0.428715080 -0.970051050
C -1.203930736 0.598428965 -0.004073587
C 0.594300508 0.068667896 -1.547708273
H 1.403363347 -1.086265445 0.151758879
C 0.088457920 1.275820494 0.413293302
C 1.673166871 -0.370842099 -0.616771221
N 1.153745770 1.005322456 -0.541278183
H -2.148127317 1.113514900 0.010150187
C -0.601405561 0.276721597 1.350780725
C -0.160649136 -1.090092301 1.778975606
H -1.505319953 0.050291508 -2.050970793
H -1.039489985 -1.317223072 -1.047737122
