18

C 1.748531938 0.426236033 -0.334386170
C 0.362614065 1.047766447 0.052585769
C -1.756826282 0.763277173 0.604231060
O 1.710654497 -2.037573099 -0.219691351
C -0.060882803 -0.272521585 -0.617501855
H 2.372321844 -0.881438136 1.481755137
C -1.557854652 -0.123404622 -0.704195857
H 0.200504258 1.919291258 -0.586041689
H -2.309506655 1.677727699 0.379038364
C 1.842681885 -0.827427387 0.540846348
H 2.633494854 1.008439422 -0.567107797
H -2.299367428 0.209194273 1.376744747
H -0.085598052 -1.938083768 0.947683692
H -2.082785845 -1.053462029 -0.681395531
C 0.544345617 -1.396608472 0.267003715
O 1.040745258 -0.055062659 -1.540292501
H -1.853060007 0.444739312 -1.586795449
O -0.450012147 1.088909864 1.187519073
