19

H -0.288931996 1.666318893 2.586007118
C 0.707058609 -0.144619852 -1.893403172
C -0.615144551 0.652417779 2.335662842
O -2.035779715 0.570275009 2.153180361
C 0.849906445 -1.550783992 -1.576493263
C -0.356024206 0.310218483 0.857027411
C 1.271173120 0.831750989 -0.821834087
C -1.897494316 0.414456576 0.738236725
O 0.352048635 1.288351178 0.148047164
C 1.005425453 -2.699179888 -1.281931639
H 1.637105703 1.727634072 -1.313400626
H 1.241676092 0.050233502 -2.828510761
H -2.416350365 -0.448147118 0.345763206
H 2.135899305 0.358998239 -0.325596541
H -0.337917298 0.114294142 -2.055613279
H -2.207689762 1.321211219 0.190741166
H 0.058719765 -0.692899048 0.691028953
H 1.145063519 -3.719525099 -1.029237986
H -0.248745099 -0.051005520 3.080325842
