19

H -1.533405304 -0.021409646 1.726465702
H -1.281179309 -1.040241718 -0.850814641
C 1.283733010 -1.940002203 0.869637728
O 0.878325701 -0.890082181 1.739509583
N -0.890177846 1.086395621 -2.162908792
H -1.832736015 0.853740573 -2.067130089
H -0.957398057 2.869887590 -1.023106813
C 0.463495255 -0.834440529 0.362594336
N 1.074686408 0.171404064 -0.426888406
C 0.558522344 1.544603705 -0.259787917
O -1.748133063 0.008207590 0.800568044
H 2.328078985 -1.954196572 0.618221700
C -1.032914996 -1.047961116 0.199700579
H 2.059998751 0.198418036 -0.254692405
H 1.365654111 2.252242327 -0.516791999
H -1.293279409 -2.005987167 0.629162431
C -0.553309500 1.872282386 -1.195926666
H 0.838474751 -2.905568123 1.048418999
H 0.271564335 1.782707334 0.763768435
