19

H 1.202492118 -1.251606703 -2.971925497
H -2.040131569 0.036822516 3.450286865
O 0.419937849 -1.916961312 -1.085552335
H -0.269111991 1.815524578 -1.568941116
O -0.309627295 1.642157316 -0.627609193
C -1.247303367 0.192492619 1.681197047
C 0.953953087 -0.923448265 -1.964207649
C -0.341911793 -0.724856377 -1.337566853
H 1.931600213 1.034406066 -1.641139627
H 0.562980473 -0.892333686 1.296717525
C 0.149784014 0.112314366 1.098767519
H 0.790585518 0.828369498 1.618599296
H -1.358264446 -0.839385927 -1.699040174
H -1.663115740 1.193098545 1.485012650
O -1.169787765 -0.078727938 3.054750204
C 1.621945739 0.141205698 -1.095307231
H 2.443675995 -0.213593692 -0.464481860
C 0.229151905 0.366869867 -0.387587458
H -1.906852245 -0.522347033 1.158027768
