19

H 1.602122068 -1.326172233 0.027857309
C 0.700444818 0.971476555 1.193822980
C -1.037138462 -0.591431141 0.505314529
C -0.435188144 0.160299420 1.685236096
C 1.226309299 -0.655283511 -0.729605019
H 1.143055439 0.078133732 2.982168198
H -1.091170192 0.499432981 2.484289408
H 1.704528332 -0.758964121 -1.704525590
H -2.075156689 -0.266645610 0.364027828
C -0.951491773 -0.095723979 -2.037405014
H -0.266797364 0.226792186 -2.836095572
H 1.135317206 1.586125493 -0.914048791
H -1.375852942 -1.049053669 -2.358904362
H -1.747808576 0.628827751 -1.968745112
C -0.210416630 -0.234221995 -0.727018058
N 0.947136581 -0.217522144 2.031906843
H 0.936949790 1.960178375 1.593801975
H -1.077693105 -1.656247139 0.698669314
C 0.872849941 0.739999175 -0.290747494
