15

C 1.318883896 -0.555800378 -1.521953583
H -0.901905656 -0.852658510 2.183766842
C -0.079970449 -0.733842373 0.191793293
H 1.919317961 -0.210484132 -2.351659775
H -0.622957647 2.952234745 0.723439336
H -2.099502087 -0.582996726 0.936357796
C -1.074905634 -0.336922854 1.242590308
N 0.016088957 1.506812096 -0.615044713
N -1.022021890 1.111362815 1.485539079
N 0.501166224 -1.923760533 -0.128658935
N 1.371351242 -1.825119019 -1.148939729
H 0.387774080 -2.810018539 0.327620208
H 0.420392573 2.215032816 -1.206636071
C -0.566031814 1.868266106 0.584008396
C 0.432319999 0.177894697 -0.702222705
