19

O 1.208009243 1.833680153 1.059686065
N 1.560307741 -1.272099257 -0.707706034
H 1.935703754 -1.672131419 1.367564797
C 0.750638247 -0.287548542 0.044516243
H 0.325122505 -2.316629410 0.804962039
C -1.584646821 0.157103494 0.909318447
H -1.559409261 -0.735094130 1.538350344
H -0.104168482 1.125582337 -2.104259968
H 0.950191915 -1.754332781 -1.376974821
C 1.611184955 0.868683398 0.475513339
H 2.678987026 0.731281400 0.195604548
C -0.827100277 1.181870699 -1.276063442
H -1.827761531 1.222803712 -1.718263030
H -1.245687246 0.998365700 1.491881013
H -2.623664141 0.333396226 0.605834007
C -0.698716879 -0.019692063 -0.334633350
C 1.133829117 -1.605586410 0.644472241
H -0.643610239 2.122440577 -0.749023795
H -1.039209247 -0.912093103 -0.870778382
