19

H 2.512693882 0.596959054 0.825482130
H 1.442776799 -1.521737218 0.561146379
C 0.055659439 0.036668677 1.187530160
C 1.064712882 -0.543523192 0.250125527
N -0.068058364 0.340585738 2.525404215
H -1.711296439 1.267148376 3.526463032
H -1.762032628 -0.026802696 -1.365656137
H -0.256710738 -1.721441388 -0.951195955
H 0.238800287 -0.700931489 -3.191633940
H -2.784010410 1.420027971 1.229464531
C -1.013489604 0.465119720 0.489608347
H 1.359763503 0.426377714 -2.403151035
H 1.696879148 -1.317797303 -2.424478769
O 2.149616718 0.306471527 -0.029440520
C 0.914525568 -0.563331187 -2.337891579
N -0.933761716 0.284763306 -0.876166463
N -1.853172302 1.065656781 1.384021640
C 0.176211104 -0.731268883 -1.025983453
C -1.229107261 0.917054415 2.626351118
