19

H -1.442160964 -1.631692767 -0.250223696
N 1.229098558 -1.450058222 0.328662097
C 0.207492054 0.812637746 0.224182218
H -1.149616122 1.170488358 -1.402564406
C -0.000742195 2.052259445 1.107029796
N 0.007182439 -1.492233396 -1.739603996
H -0.366168678 2.891468763 0.497138053
O 1.009073257 -0.276787579 2.240401506
C 0.796594083 -0.325820148 1.053321838
C -1.171451092 -0.969038606 -1.081908941
H 0.981793165 1.022171497 -0.516298592
H -1.952929258 0.673348188 0.063447483
H 1.887848735 -2.026492834 0.841212869
H 1.823943138 -2.342045307 -1.448903084
C 1.012419581 -1.771367311 -1.017598391
H -1.999495029 -1.025338054 -1.803414345
H -0.723261476 1.859101892 1.892424822
H 0.928047299 2.355487823 1.576327682
C -1.077667356 0.473911226 -0.563632607
