19

O -1.673126698 -0.416046172 -1.900120258
C -0.648355126 0.572024047 1.181075335
H -0.585052490 2.016554356 -0.723237753
C 0.861019135 0.297303617 1.380926490
C -0.836951733 -0.324683905 -0.808859169
H 3.001566172 0.692647815 -0.304634422
C 1.095410466 0.455284387 -0.147596836
H 0.934063256 -1.757406831 -0.623494089
H 1.156070709 -0.644140065 1.837118387
C 0.645960331 -0.778298497 -0.963458598
H -2.483669996 -0.439794660 0.587303698
C -1.415487528 -0.630067289 0.590998948
H -1.832020760 -1.330688596 -2.108228683
H 1.340034366 1.125827193 1.904425263
C -0.342213273 1.069181442 -0.280045182
H 0.939591348 -0.628395021 -1.996819854
H -1.228542209 -1.622088790 1.026244998
O 2.215654850 1.170177579 -0.577126384
H -1.143950343 1.172609806 1.925527573
