18

H 2.160385370 -0.769112706 1.670611024
H -2.637523651 0.463513792 -0.155439451
O -1.102459908 1.772705913 -0.321349233
H -0.344645381 1.886310101 -0.893057585
C 1.054257751 -1.034818888 -0.216526642
N 0.093120113 -0.214564487 1.530321836
C -0.310911477 -1.171861172 0.489622146
H -2.180967569 0.801705360 -1.814120650
H 1.711166143 -1.819188952 -0.583798230
O 0.465545803 -0.270163000 -1.286045432
C -0.882521212 -0.588612199 -0.812735140
C -1.777464509 0.637084484 -0.805831671
H -0.754396081 -2.087438583 0.867810488
C 2.093466043 1.103857517 0.753004014
N 2.588432550 2.138721466 0.605025947
C 1.503824472 -0.189254686 1.006637692
H -0.350936562 0.701056302 1.410326719
H -1.328371525 -1.359940648 -1.444455266
