17

C 2.224861383 -0.468858451 0.011003820
H -2.278111935 -1.428300261 -2.937693119
H 1.391156793 1.478597403 0.391743392
H 1.399816394 0.436053008 1.801375151
H -1.965077043 -1.208358526 -0.682904243
H 2.108028173 -1.506345630 0.338497967
C 1.244055390 0.444830537 0.715504467
H -2.529624701 2.418664455 2.205798388
C -1.384594202 -0.704250574 -1.463631272
C -0.225085527 0.077943794 0.453169823
C -1.875607729 1.752185941 1.706804276
H 2.097644091 -0.453775674 -1.065681577
H 3.256773949 -0.192909971 0.235894829
H -0.395862967 -0.936203539 0.822885871
N -1.516015768 -0.805525303 -2.706856251
O -0.422400564 0.105960123 -0.956055105
C -1.129955411 0.990293145 1.130143285
