19

C 0.542708814 0.404315859 -2.265454292
H 0.833543301 0.249086946 -3.289892197
C -2.070739031 -0.450394452 1.443436503
H -1.660687089 -1.066009283 -0.702930808
C 1.290952444 -0.043283835 0.255928040
H 1.649421573 1.802351832 0.633891940
O 1.124525189 1.551813006 -1.649068117
H -0.502831638 0.280048370 -2.032816887
C -1.230449557 -1.145013332 0.308638871
H -2.961194277 0.075047240 1.095408559
H 2.575549603 0.024654850 -1.532384276
H -0.990523577 -2.175166368 0.503930807
O 1.940712214 0.972712636 1.004662633
C -0.125490144 -0.172138691 0.635641932
H -2.333248138 -1.088588834 2.285438299
C -0.855710089 0.398904473 1.631240726
C 1.557967901 0.267530769 -1.226189137
H 1.823834181 -0.970075130 0.499796867
H -0.608341992 1.084203959 2.400720358
