17

H -2.343885422 1.582995415 -1.391627789
H 0.486210823 -1.779978991 -1.533753276
O -2.266376019 0.829182625 -0.797938645
C 0.216034889 0.933778584 -0.667579532
C 0.533767462 -0.374521971 0.113372065
H 2.099944115 -1.419678211 -0.923650563
H 1.039639950 -2.488478422 -0.003765191
O 2.132479191 0.037487183 2.025744915
C 1.078363419 -0.065166302 1.504228473
H 0.093291335 0.747120857 -1.737155557
H -1.599959970 -0.992908180 0.932958186
O -0.152387828 0.082372017 2.083159447
C -1.160459876 1.042855144 0.044832386
C 1.058402658 -1.582639098 -0.624890506
H 0.929811776 1.752576590 -0.542034984
C -0.843820333 -0.235670581 0.824324965
H -1.301055908 1.930673003 0.693774998
