20

H 2.729490042 0.468492270 1.939119816
C -1.583580375 0.771210492 -0.276063055
C 0.081204847 0.189404503 -1.456181169
C 2.094445944 0.005974853 1.180383325
H 0.332096010 1.191343427 -1.792839289
H -2.435571671 0.585202217 0.386813968
H 0.162118465 -2.067230701 0.098492965
C -0.208799765 0.111989446 0.068865299
H -1.222385406 -1.565886617 1.090291381
H 2.026087999 -1.061216354 1.430952072
C -0.653140664 -1.353986740 0.180235043
H 0.839465678 1.745525718 0.967281878
H 0.752756834 -0.546090901 -1.903247476
C 0.714572847 0.658037007 1.138015866
H 0.236092106 0.565540910 2.121230841
O -1.506292582 -1.449992776 -0.979069948
C -1.432140589 -0.133470580 -1.509639263
H -2.033646584 -0.047296807 -2.410110950
H 2.604149580 0.091098458 0.219586223
H -1.496922731 1.841352463 -0.494117498
