17

C -0.083083190 -1.058136940 -0.263376921
N 2.176404953 0.072297722 -0.389801562
H -2.486350536 -2.147674561 0.119661793
C 0.865302205 0.048503682 0.025503468
C 0.565675676 1.174575567 0.722551465
C -2.371225834 -1.456830144 -0.723930836
H 1.825185061 2.830954313 1.174998999
C 2.648059130 1.210273266 0.049177825
H -1.259309173 1.064482927 0.941922963
H 0.250739634 -1.600845695 -1.166479945
O -0.549568236 1.619428039 1.312406182
H -3.310975552 -0.940768301 -0.896579921
N 1.721471786 1.941663623 0.728365481
H 3.663647175 1.577021122 -0.095394604
H -0.146125928 -1.786920428 0.552616715
O -1.385856271 -0.492655098 -0.476229787
H -2.123990774 -2.055369139 -1.615411043
