18

H -1.705978394 1.488202691 1.266627312
H 2.335500240 -0.880899251 -0.873060942
C 0.849810779 -0.028236512 0.736226618
O -0.111241251 -2.207299471 0.285014510
N 1.293644190 1.052782059 -1.356307983
H 1.232900143 0.716975093 1.430626035
H -2.281577826 1.352269411 -0.396589667
H -2.013228655 -1.430218697 0.901818693
H -0.145641267 -0.434659600 -2.241793156
C 0.226169482 0.011167505 -1.319564342
H 0.523290575 -1.805831790 2.291205883
C -1.001526356 -1.149207473 0.640605867
C -0.519725561 0.194520444 0.004992170
C -1.391520143 1.407999277 0.217621237
H -0.839967966 2.305619001 -0.050991289
C 0.273330361 -1.336354136 1.343289018
C 1.526342988 -0.204096898 -0.612848938
H 1.749418974 0.947268188 -2.266870975
