19

H 0.058504440 -0.513441384 1.574926019
C -2.009175539 0.456569940 -0.713420153
C 0.057562232 -0.013229217 0.601675034
H 3.320747852 -0.110020705 0.263982445
N 2.452796698 0.116984487 0.742695570
O -3.070410967 0.117772155 -1.181855679
H -1.785036922 -2.031790972 -1.236106277
H -0.530004084 -2.382636070 -0.031990636
N -1.121510148 -0.399440855 -0.107437670
C 1.363365769 -0.270845711 -0.183323205
H 2.306306362 1.763662100 -0.755190015
C 0.488984585 1.498197436 0.697288394
H -2.200894594 -2.120277643 0.470116675
H -1.650047421 1.477938056 -0.734999597
H 1.511120200 -0.974089742 -0.979512453
C 1.764866114 1.144681096 -0.049700234
H -0.162121162 2.177437782 0.145653993
H 0.621927679 1.875744224 1.705573797
C -1.416981816 -1.813214660 -0.228376091
