17

C 0.033086102 -1.362462163 -1.050587416
C -0.464060754 -1.428492427 1.419185877
C -0.148468435 0.762657106 0.254055619
H 1.330819368 -0.682683825 0.505675793
N -0.194298238 2.931318521 -0.268073529
H -0.107037455 -2.455383062 1.472682357
O 1.384104252 1.660061955 -1.429978728
H -1.540824771 -1.446239114 1.262035489
H -1.018948078 -1.393348098 -1.305788398
H 0.558452368 -0.819072366 -1.846027613
H 0.406646937 -2.381117344 -1.033518553
H 1.625782013 2.538999796 -1.778830647
H -0.294062853 -0.960735857 2.393457413
N -1.103692889 1.293417335 0.964606643
O -1.127861142 2.609631062 0.670272768
C 0.408749461 1.813855886 -0.537462652
C 0.251613766 -0.680407226 0.308295518
