17

H 0.402189016 -0.522532105 2.486627102
H 1.361927271 -1.599035501 1.496263266
H -0.388748944 -1.756344318 1.517662644
C 0.329796642 -0.068836041 0.392999142
N -1.292684913 -2.677363396 -1.355825305
H -0.554879427 1.525891304 -1.978018880
H 1.319362640 1.622077227 1.353229761
H -1.187730789 1.663282752 0.940142393
H 1.609342456 1.599586010 -0.439391881
C 0.038572431 -0.456050366 -1.059699893
C -0.511417449 1.193768620 0.231889680
H -1.906631827 0.575793147 -1.347372890
C -0.847217202 0.831395447 -1.205845952
H 0.911591947 -0.484306931 -1.707894921
C 0.984381378 1.288507104 0.388446659
C -0.696584046 -1.696805239 -1.240946054
C 0.428730786 -1.039027214 1.527735710
