19

H -1.763320208 1.179149389 0.246638849
H 0.871423364 1.963749766 -0.973781705
H 2.175549507 -0.349959105 1.077851772
H 0.770257771 -0.852007031 -1.972477555
C 0.196094781 -0.188961744 0.268694758
O -0.503464937 1.922266841 -2.438813448
O -1.245744467 -0.281189024 -1.310864925
C -0.933518231 0.733000159 -0.277804643
H 1.051655412 0.518743515 2.101903677
C 0.237553760 -0.207050622 -1.288401961
C -0.308331192 -1.488099337 0.883002698
H 1.744656682 1.309997201 0.691228271
O -0.810342789 -1.179062486 2.186787605
C 1.357522964 0.366923869 1.071514487
H -1.069794178 -1.933770895 0.245709613
H -1.209545255 1.327982545 -2.711467266
C 0.049655743 1.349654675 -1.306007743
H -1.159229875 -2.004341125 2.543956518
H 0.548921466 -2.187026262 0.962331712
