18

H 0.168359488 -1.140775800 2.300052166
H -1.893439651 -1.774047852 0.687481761
N 1.455586910 1.326456666 1.328933001
H 0.559447467 -2.120452404 -0.860515475
H 2.061676264 0.768329978 -1.523322821
H -2.105125904 0.759575129 -0.718975604
H 1.519472957 1.312769651 2.355754375
C 0.995147824 0.967346191 -1.600857258
H 0.622903824 0.643497229 -2.580296993
C -0.372556657 -0.403457403 1.691993952
C 0.576562643 0.505881786 0.921872854
H -1.027768254 0.169292837 2.366885662
H 0.865515709 2.043891191 -1.499085426
O -1.156378388 -0.980201244 -1.640567064
C 0.241419598 0.240286902 -0.513954520
C -1.305429101 0.012530427 -0.594990551
C -0.106595606 -1.283378839 -0.639880419
C -1.098798871 -1.047545075 0.519471884
