17

C 0.632010341 0.237920895 1.380739808
H -0.130820185 -0.124226004 -2.442079782
H 2.022909641 -1.266419053 0.596117079
H 1.235012174 1.025190115 -2.470942736
H 1.111149430 1.092441082 1.838870406
C -0.157702357 -1.309424639 0.877566993
H -1.924348116 1.640591741 -0.116569474
C -1.266177535 0.812317491 -0.383179665
C 1.159774661 -0.721007049 0.269704461
H -0.616492093 -2.284234762 0.764684916
H -1.840176821 0.145341903 -1.047545552
C -0.825420380 0.098836556 0.871281743
H -1.556250215 0.182742938 1.686503768
O 1.369767666 -0.416745394 -1.090532303
O 0.421380818 -0.965637982 2.191897154
O -0.184603155 1.392857671 -1.093947530
C 0.549986184 0.459454656 -1.832569599
