20

H -0.669244111 -0.984717131 -1.249103189
O -2.247902155 1.041698456 -0.380569071
C -1.817365766 1.372750401 -1.695889235
C -0.841389120 1.034903049 -0.645820260
H -1.951592326 2.416371346 -1.982997298
H -0.311447591 1.861282468 -0.176727220
H -1.401393890 0.102852888 2.053970098
C 0.091423579 -0.896259546 0.858356476
N 1.798685074 -1.673637033 -0.667143643
H 1.951346040 0.472357363 -1.308078170
H -0.319421798 -1.910408735 0.969595194
C 1.590825677 -0.878482401 0.559960186
C -0.322182924 -0.036256727 2.047290325
C 1.354327559 -0.264206111 -0.774782598
H 2.802515268 -1.673546791 -0.850636184
H 2.395287752 -0.730909646 1.261780024
C -0.164198443 -0.304891557 -0.575495064
H -2.042552710 0.634879768 -2.459141731
H -0.046139464 -0.524984956 2.984663725
H 0.150419250 0.941204548 2.030767679
