23

C -0.639606297 -1.207328677 -0.606360972
H -0.403541863 -2.322651625 1.249774098
C -0.865193188 2.023825407 0.812436342
H -0.367391199 -1.291673779 -1.668266296
H -1.739943862 -1.212671876 -0.585196137
C -0.868281603 1.436863422 -0.616502166
H 1.091782093 0.326945305 2.018487215
H 1.527513385 0.798274577 -2.017615557
H 1.929591179 -0.879984140 -1.571172118
O 0.209696963 0.329084337 2.413932800
C -0.663500369 0.577934086 1.358888626
C 1.927423835 0.159266487 -1.223049760
H -0.487081796 -3.330019951 -0.191454425
O 1.229133129 0.290032595 -0.011179181
H 0.988195240 -2.424854279 0.169148698
H 2.950010300 0.461177170 -1.013424993
C -0.195375592 0.148728430 -0.074337989
H -1.751196027 2.558187723 1.146290660
C -0.105856188 -2.392175436 0.197560012
H 0.004658197 2.626460075 1.013144970
H -1.857624888 1.236444712 -1.005280495
H -0.299345940 1.986114979 -1.384929538
H -1.614064813 0.102021128 1.589105487
