17

C 0.843056917 -0.323168546 -0.624252141
O -0.024597470 -0.432523608 -1.794142127
C 0.047042925 0.131761387 0.583837926
N -0.913274229 -0.864531219 0.959852040
H 0.751429856 0.269989073 1.412753224
C 1.713726640 0.700655758 -1.371079922
H 1.307162285 -1.292706847 -0.444311112
C -1.720648646 -0.501325667 2.115796566
H -1.074284434 -0.396418363 2.989654303
H 1.724258661 1.704028487 -0.949157357
H 2.731869936 0.385789365 -1.606362581
H -1.527018309 -1.056849599 0.155626848
O 0.522204041 0.899357736 -3.598992586
H -2.446266413 -1.281974196 2.321404934
H -2.260338068 0.449909657 1.985238433
H -0.381288320 1.117889881 0.363404125
C 0.706965208 0.490116745 -2.499270201
