21

H 0.204206407 2.777170420 -0.720073342
C -1.116039157 -1.839206338 0.233456954
C 0.730715036 2.680092096 0.228359714
C -2.140823841 -2.004324913 -0.837607026
H 2.035197496 1.277790546 -1.813225031
C -2.586550713 -1.646195173 0.545949638
H -2.941050529 -0.641255081 0.734081626
C 0.549284816 0.209015936 0.270230800
H -3.031500101 -2.411189795 1.167945981
C 2.517577648 1.231827736 -0.830455959
C -0.235515565 -0.701758325 0.224790245
H 3.076364756 0.290451467 -0.770690620
H 2.010288239 1.306079507 1.258800507
H 1.429395795 3.511592388 0.311617821
H -2.186648846 -1.247058630 -1.622326255
H -0.002829009 2.767645121 1.027959824
C 1.477939248 1.331299543 0.295217007
H 3.241719246 2.047808409 -0.763241470
H -2.310922384 -3.029333591 -1.166607499
O -0.534722924 -3.040719986 0.675843239
H -0.186084092 -2.869732380 1.549974084
