21

H 0.615099907 -2.389755487 -2.541876316
H 0.457101524 0.851945281 2.226939440
H 1.588380814 -0.970306754 0.055222407
O -0.455633163 -3.159980536 -0.110486507
C 0.552949965 2.621011257 0.896202385
H 2.006228685 1.601695895 -0.102574967
H 0.122059256 2.938412189 -0.036466584
C -0.174599245 -1.834193110 -2.052004337
H -1.871308804 -0.002802317 1.316442966
H 0.494592160 -1.439210176 1.343997717
C 0.516625047 1.173525214 1.189879775
C -1.506112695 0.313671231 0.321781397
C 0.530284405 -1.048185825 0.322277963
H 0.492369235 3.338144541 1.704700470
N -0.060934450 0.282870680 0.211171269
C -0.096478552 -2.105994701 -0.581634223
H -1.971149445 -0.338305026 -0.408556551
H -0.065275520 -0.781925261 -2.283750296
H -1.854951978 1.329659224 0.134029925
H -1.119300246 -2.204896450 -2.458780050
N 1.800053120 1.824620485 0.853483379
