16

N 1.583944321 -1.009352088 0.295884013
H -1.778586030 -0.581204772 -2.523733139
H -2.726918459 0.589617670 -0.289560080
H -1.812368989 1.747731566 -1.238394380
C -1.984007597 0.672871530 -1.095733404
C 0.969953477 -1.419753909 -0.817128778
C 0.970648944 -0.013082092 0.937978864
C 1.589472175 0.506890059 2.200759649
H 0.888747394 0.395666510 3.031102180
C -0.689597130 0.069847420 -0.592608929
H 2.508196115 -0.023013275 2.422751427
H 1.447722554 -2.227717638 -1.361969113
N -0.163375288 0.557222009 0.522584379
O -2.452460766 0.072206184 -2.266809702
H 1.796474814 1.575651646 2.095464230
N -0.147845596 -0.913580894 -1.320587158
