26

H -1.260865808 -1.002485156 1.033625126
H -0.460777730 0.531647623 -0.952552617
C -1.168170929 0.694690585 3.163910627
H 0.434512436 -2.362102032 -0.550460517
C -0.729211748 0.965695918 1.726262808
C 0.618362844 -0.371725380 -3.425369501
H -0.459528238 -0.221866116 -3.588596582
H 1.152078390 0.153872058 -0.434758246
H 1.933588266 -1.568327904 -2.256525517
H 1.016128778 0.567421734 -3.015359402
C 0.860656738 -1.561441660 -2.487978458
C -0.370346248 -0.346732199 1.015542746
H 0.666409075 -2.492936134 -3.020261526
H -1.588250399 1.402455926 1.185323358
H 1.082705736 -0.529968202 -4.404794216
H 0.132147506 2.897347450 2.242184401
H 1.301306009 1.569952965 2.175146341
C 0.125477895 -0.226182252 -0.422385782
H 0.389206678 -0.892026246 1.601018310
C 0.062495150 -1.544359446 -1.193274617
H 0.681972265 2.272459984 0.685181677
H -0.354246616 0.256643593 3.760840416
H -1.481393933 1.617061138 3.668983221
C 0.415965736 1.983635187 1.685641885
H -2.013685226 -0.005001153 3.206602335
H -0.986536086 -1.787730455 -1.397947073
