17

H 1.816268563 -1.807582378 -1.351497769
H 1.098294497 -0.683041513 2.674199104
N 1.438357353 0.643347144 1.026116014
C 0.656280160 -0.261406004 1.779721618
C 1.165784240 -1.038571835 -0.965231299
C -0.151821449 -1.125739098 -0.795772076
C -0.659886181 0.048437685 0.029130526
H -0.769218564 -1.986839294 -1.005077004
C 1.682471991 0.254207134 -0.456263214
N -0.529252529 -0.486600846 1.426772118
H -2.107225657 0.928196251 -1.287452936
H 0.384255737 2.105244637 -0.242284432
C -2.040905714 0.552479148 -0.259802908
C 0.506880581 1.051829338 -0.056537628
H 2.606036663 0.691975117 -0.814624310
H -2.310221672 1.359599113 0.432988584
H -2.786098480 -0.245534644 -0.134384468
