17

C 2.444526196 -0.305396676 1.506239533
C -0.864047945 0.116371334 -0.074587345
C 3.387386084 1.198575974 -0.453114003
H 3.770908356 1.802739739 -1.238469124
C 1.005630374 -0.690236151 1.616480589
H -3.681407928 -0.155359372 -2.012415409
H -2.437486410 -1.386244059 -1.784330606
C 2.932934761 0.520062268 0.434193730
H 0.804104269 -1.644107699 2.098801851
C -0.002979300 -0.245800391 0.691697419
H -1.433781147 0.925742149 -1.913235545
H -3.432881832 -0.873693407 -0.414817005
C -2.922222853 -0.533964097 -1.318885803
H -2.418627024 1.429462552 -0.551774740
C -1.900014400 0.558276355 -0.986992002
H 3.165792465 -0.999424577 1.920108199
O 1.582166672 0.282995820 2.481100321
