22

C 1.851225853 0.083928123 0.615386724
H -2.057560921 2.450380802 -0.949678779
H -1.812125921 1.707274199 -2.537801743
H 2.095052719 -1.816064477 2.488377571
H 2.179702520 -0.220158622 3.245211601
C -2.407460213 1.656005859 -1.618143082
N -0.822284102 0.168380111 -0.508300066
H 1.364936948 -1.979991436 0.280790329
O -3.746881723 1.866557360 -2.008479357
H 3.659593105 -1.186339021 3.061931849
H 1.935880780 -1.179828286 -1.147439361
C 1.293667674 -1.035957456 -0.266032696
H -4.291802883 1.895932078 -1.223237991
H 2.143833637 0.939211547 0.009689134
C -0.128639534 -0.857526898 -0.715253174
C -2.178691626 0.294889122 -0.948357224
H -0.542162776 -1.720565081 -1.237661958
O 3.001241684 -0.320330590 1.315187931
H 1.079549551 0.425075501 1.294419765
H -2.480138063 -0.492764711 -1.642954350
H -2.845329046 0.233777449 -0.091356017
C 2.708392620 -0.911885738 2.583701611
