20

H 0.106590763 2.961899757 1.873071194
C 0.263068825 -1.103685021 -0.240119562
H -1.061286569 3.178615808 -0.427569419
C 0.461837560 1.502042532 0.269655168
H -2.332049847 0.583412766 -0.784267604
H 1.440337539 1.843112588 -0.008660054
H 1.751524210 -2.285910368 -1.409486771
H -0.786953926 1.415639043 2.137503624
C -1.395883918 0.913162529 -0.410945237
C 1.586647630 -1.367072225 -0.868402243
C -0.810201943 -2.167782307 -0.399430454
C -0.200783134 0.264542729 -0.192164585
H -1.190160990 -2.176662922 -1.421968460
H 1.812048674 -0.705818176 1.043921232
N 1.442152619 -1.523636222 0.560735941
H 2.125638485 -0.502725422 -1.256957531
H -0.389939904 -3.142853498 -0.192440286
C -0.868951023 2.220389605 0.035131015
C -0.311687440 2.077437401 1.421715379
H -1.641947269 -1.984107852 0.270678848
