20

H 2.359907627 -0.309080958 -1.164425969
H 1.153938770 1.764506936 1.205718160
H 0.172486439 1.873865128 -1.161216021
H 0.543652356 -2.122372389 -0.127867699
H 0.661556542 -1.733856916 -1.835186720
N 0.290105611 0.955078304 -1.602517962
O 2.172506809 -1.053803802 -0.603395998
H -1.499214411 -0.456599772 2.522866488
H 1.634390116 0.097951464 1.558144450
C -1.508895636 -0.336501271 1.445496321
C 0.816544473 -1.339046478 -0.826982319
C -0.350465149 0.283162922 0.787456393
H 0.500713825 0.961797953 2.625096321
H -2.104222536 -1.046908736 0.903636158
H -1.892325878 0.827704847 -1.397017956
O -1.569979548 1.014750838 0.968428850
C 0.799439073 0.801815152 1.595612049
H -1.123525023 -0.359501958 -2.565076828
C -0.049794246 -0.108478092 -0.633163631
C -1.006819010 0.285517335 -1.695604205
