19

H -1.832201481 0.416331857 1.089989662
H -1.824784756 0.820725977 -2.073582172
H -2.484612226 -0.632159829 -1.296479106
C 0.259608448 -0.248962849 1.339048624
H -0.950144172 -1.906860232 0.502835393
H 0.164552659 -0.553100407 2.380631685
C -0.840037704 0.659135818 0.732094884
C -0.097013742 -1.281088829 0.230689526
O 2.690566778 1.302441239 -0.922222853
C -0.540737092 -0.056880951 -0.593183637
C 1.617609978 0.358347565 1.030024648
C -1.578077197 -0.169928789 -1.687783837
H -1.198979259 -0.777650177 -2.515536547
O 0.628132641 0.549109280 -1.194558382
H 0.700310767 -1.905008793 -0.171145588
H 1.826551795 1.239329576 1.630540729
H -0.694529951 1.739642501 0.762946665
C 1.719846606 0.794449568 -0.442656398
H 2.433938265 -0.347872019 1.198346853
