16

H -0.265608966 -1.697259545 -1.667120457
H 1.348433733 -1.520115495 -0.847693861
H 1.710045338 0.349870354 0.794903278
C 0.428580314 -0.721170843 2.034335375
C 0.436478555 -1.042328954 -1.171390533
O -2.188243866 0.624113262 0.777779102
C 0.634082675 0.347060770 1.020904064
H -2.139080286 -0.183878854 -1.073064327
O 0.341681331 1.608260155 1.517034769
H -0.174521476 0.729145527 -2.364734650
H 1.436922073 0.895442426 -1.537940264
C -0.125851125 0.030012429 -0.245612115
C 0.493809998 0.381994814 -1.584776878
N 0.256947815 -1.567331910 2.794758320
C -1.595199347 0.153619900 -0.170390964
H -0.598477125 1.612565994 1.723009109
