23

H -1.251560807 0.814193130 1.640470982
H -2.821977139 0.451747268 1.577856421
N 0.342698187 -1.009391785 -0.020932950
C 2.710123062 -0.320850283 0.192824751
H 3.451139212 0.086344287 0.878811717
C 1.339351773 -0.392009735 0.852675915
H -0.809587002 -1.629679441 1.726862669
H -2.666424036 -0.703020096 -0.415552169
H 3.028539658 -1.320929050 -0.112612695
H 0.853337049 1.290459871 -1.677293062
H -0.152755007 1.890942693 -0.349428684
H -0.972265840 2.655304909 -2.350090981
C -0.159098625 1.268211246 -1.237525940
H 2.697727680 0.308136851 -0.694544733
O -1.120335698 1.717989087 -2.180591822
H 1.050213933 0.611621022 1.206579089
C -0.526344955 -0.159363747 -0.886358798
C -1.736911535 -0.409486741 0.068305053
C -0.859450400 -1.578652620 0.626569986
N -2.031288147 0.694015265 0.989445150
H -1.102645874 -2.567041874 0.235928282
H -0.681120455 -0.684215367 -1.823680997
H 1.418635368 -1.014325261 1.752282619
