21

C -0.359782577 0.061564654 -1.796705365
C 0.111010671 1.456880808 2.620726347
O 0.481777072 1.370932221 3.733446360
H 2.159522533 -0.530270815 -0.794819593
C 1.346937299 -1.006727457 -0.250280529
H -1.230699182 0.718110621 -1.834320903
O 0.893289566 1.165268064 1.561683416
H -1.293918610 -1.810899854 0.022455122
C -1.081848502 -0.832357168 0.456459999
H 1.101860762 1.756833315 -0.361612052
C 0.066380680 -0.154951036 -0.322030544
H -0.799198389 -0.972203791 1.509931684
C 0.347458512 1.247578263 0.250109047
H -0.897844315 1.788658023 2.313011646
H 1.173987985 -1.991099715 -0.690025210
H -1.981925488 -0.232548714 0.428215742
H 0.442326099 0.571852505 -2.359487772
H 1.675458550 -1.118196607 0.782265663
N -0.918072045 -2.166704416 -3.028131008
C -0.680098116 -1.169914603 -2.494868040
H -0.556621909 1.848195791 0.253974706
