20

H 0.325325161 2.068765879 -1.172524333
C 0.079490721 1.341377854 -1.931757927
O 0.085694231 0.022407146 -1.404934287
H -1.853836417 -1.712756038 -1.597211480
H -0.634118319 -2.362964869 -0.510821640
O 0.235918194 1.300255179 1.225869656
H -2.201442480 -1.851571679 0.128037080
H 1.587955832 -1.031511307 0.375212610
H 1.692676306 0.940619171 2.717849255
H 2.332571745 1.216814399 1.076762319
H 0.825201094 1.365927339 -2.732970715
C -0.279096007 -0.028764151 0.986927450
H -0.892370522 1.591114998 -2.364195347
H -1.709264755 0.518457770 -0.488869071
H -1.041045308 -0.271937966 1.732149243
C 1.103633165 -0.651577234 1.261933446
C -1.431412220 -1.620077610 -0.606057763
C -0.886375904 -0.208576217 -0.398628831
H 1.153007030 -1.399053931 2.058998108
C 1.507488251 0.773050725 1.644232154
