18

N 0.294157267 0.154568538 0.493853986
H -2.157387018 2.299864769 -0.544429958
H -0.826780140 -1.412711859 1.412729263
C -0.082481988 -0.645957828 1.637814760
N 1.143474698 0.122909606 -1.693018794
C -0.358812511 1.429616690 0.256111354
H 0.303971738 2.019101620 -0.390123338
C 0.917388082 -0.470630825 -0.549534917
H -0.420241326 1.943705678 1.201179504
H -2.409158945 0.732023954 0.245311946
O 1.799684286 -0.816426814 -2.467371941
H -0.479522675 0.002846870 2.407542229
C -1.732428908 1.310991049 -0.391347677
H 1.451150656 -2.572977543 0.108406350
H -1.662297010 0.819566667 -1.363636971
N 1.976518393 -1.971140027 -1.798482537
H 0.792109251 -1.155251980 2.055284977
C 1.450655937 -1.790098786 -0.620288372
