18

H -0.637870014 -3.370448112 2.349158049
N -1.032532215 -1.782115579 1.467236280
H 1.615083814 -1.271456718 -0.013835514
H -0.048820212 0.214749068 -2.746299267
C 1.146230817 0.894661665 0.491141319
C -1.178638220 0.238924816 -0.031406935
C 0.219538420 0.559732676 -0.637568057
C 0.842738867 -0.573111594 0.228509828
C 0.461031228 0.913290024 -2.070771217
H 2.133898497 1.216947675 0.192371264
O -1.904922843 1.244558454 0.626805961
H -1.553349257 1.321699023 1.521528482
H -1.832343698 -0.180650190 -0.792437375
H 0.090749390 1.921880126 -2.289521456
C -0.514416873 -0.865873337 0.767084360
H 0.792468488 1.371429563 1.404493809
H 1.523188710 0.890186191 -2.311751127
O -0.122035049 -2.744403601 1.845261097
