17

H -0.849156618 0.362622023 -2.140344858
O 1.293150067 -0.156383529 1.140105724
H -1.146065116 0.932746947 0.837545931
H -1.955295801 -3.181661844 0.364365786
C -1.295611501 0.906163335 -1.300035238
O -2.693830729 0.898229480 -1.341167212
C -1.610539913 -2.177283287 0.271174163
H 3.042798519 0.945688188 1.381669641
C 2.716111660 -0.085530266 1.275162578
H 2.959263325 -0.653025270 2.176098347
O 1.422789097 1.093941689 -0.703862071
H -2.976960659 -0.024718177 -1.282237411
H 3.208077908 -0.529076040 0.410395622
C 0.778583288 0.458821207 0.080954112
C -0.735237181 0.321869254 0.013729974
C -1.190775633 -1.052214742 0.190276802
H -0.967300057 1.939810991 -1.373831511
