19

C -1.168893099 0.947434127 0.367275834
C 0.363335878 0.811840057 0.539120317
H 0.876296639 -2.784125566 0.535864592
C -0.964716613 1.342677116 -1.094908953
H 0.453974515 2.862775326 -1.254127622
H 1.843579888 -0.593665421 -1.147100568
C -1.213418245 -0.642012239 0.343878269
H -1.543398619 -1.015204310 1.320682526
N 0.197683737 2.029862881 -1.734683633
H 2.129302979 -1.634106040 1.004155874
H 0.718792915 -1.871325374 2.039869070
C 0.334022611 -0.740828037 0.266009718
N 0.828218222 -0.542387545 -1.188514948
H -1.854283929 1.483458638 1.001911163
H -1.703179359 1.068031430 -1.838366151
C 0.452213138 0.865149677 -0.971127570
H -1.804267287 -1.116191268 -0.432059377
H 1.005720615 1.337142944 1.236953974
C 1.049016118 -1.808526158 1.005168080
