15

O 1.222308517 -0.927678049 0.764008701
H 1.963908553 -0.870025456 0.164284065
C 0.577136040 -1.227954388 -1.983860970
C 0.169897124 -0.190296113 0.222323418
C -0.816422224 0.274781525 1.332292676
H -0.626948774 2.529738426 1.490837455
N 1.407479286 -1.488759041 -2.730264902
H -1.873211384 0.081810631 1.125516772
O 1.069695234 2.017908096 -0.741017580
H -1.241073966 -0.312762588 -1.430265665
H -0.896927178 -1.841232419 -0.643376052
N -0.397108406 1.636012673 1.073047161
C -0.442703396 -0.907711327 -0.980476022
H -0.549483895 -0.115739703 2.314470053
C 0.433454454 1.341907501 0.022480417
