16

H 2.563237667 0.270856380 -0.376251221
C 1.698466182 -0.150757030 -0.900589943
H -1.555218935 1.646688223 -1.027376771
O -0.701907396 -0.198454231 -1.031594038
H -1.077952981 -0.627484977 2.788822651
O 0.472221673 -1.352170706 1.506610513
H 1.746627927 -1.239361644 -0.835965037
H 1.766843081 0.134401664 -1.951616287
O -2.672455311 0.250693619 -1.962674141
C 0.298830271 0.009925671 1.172739506
C -1.718894839 0.616284311 -1.366062760
C 0.408367395 0.363783479 -0.296597242
C -0.817726135 -0.766450703 1.748609781
H 0.844123185 0.697981477 1.826158166
H -1.607708335 -1.106638312 1.100888014
H 0.353146791 1.450702548 -0.395101130
