20

H 0.236239895 3.552763462 1.779044271
N -0.859370232 -1.894432187 0.335836411
C 0.499468297 2.502899885 1.907094836
C -0.746573985 -0.469312221 -1.617573857
H -0.210043401 0.276694238 -2.196425676
H -0.010556824 2.124209642 2.793005705
H -1.807997704 -0.261944413 -1.652112722
H 1.167637825 -2.583944321 -0.252418727
C -0.288784713 -1.924920917 -1.991168976
O 1.171484470 -0.210695311 1.634057641
C -0.163249180 -0.694365501 -0.212372914
C 0.265070766 -2.080143929 -0.570699573
C 0.460046232 0.228392541 0.758516371
H -1.073136568 -2.629556417 -2.263494968
H -0.939568818 1.788489461 0.447401851
H 0.484256566 -1.937399149 -2.748044491
H 0.615537584 2.090839863 -0.209768727
C 0.113143586 1.698704839 0.673799753
H 1.560478449 2.417971373 2.105006218
H -0.474082410 -1.994249821 1.280316949
