18

H 2.317560434 0.377579540 0.404939592
H 1.599536419 0.057488721 -1.179770470
H -0.870701075 -0.618626177 -1.203065634
H -0.886170745 2.078899860 1.251154065
H 0.546318591 -4.379933357 0.115858883
H -2.566610336 -1.611905217 0.229456976
C 0.163118005 -3.396027803 0.038468424
C 0.123600036 0.088572145 0.543956041
C 0.908323348 1.950006127 -0.223932400
N -0.389527321 1.924340010 -0.918782175
O -2.068068266 -0.807640016 0.458281010
C 1.428080320 0.501071751 -0.210731059
H -0.738788009 2.886187077 -0.963729680
H 0.312453985 -0.257114381 1.555006623
C -0.247946233 -2.269052505 -0.061606128
H 1.483879805 2.853652477 -0.177199364
C -0.791311443 -0.917541564 -0.154676169
C -0.323747486 1.540043116 0.496371657
