18

C -1.045420885 1.117552638 0.168888837
C 0.190713793 1.568441749 0.845654130
H 0.343788266 2.646288395 0.938074231
H -1.319384217 -3.208502054 -1.313761234
H -2.538645506 -1.611994863 -3.268150806
O -0.890819669 1.059233546 1.598478079
C -1.292294025 -2.344904423 -1.980226159
H -0.401976019 -2.459608793 -2.611560583
C 2.281526327 0.985108078 1.993171692
C 1.460054636 0.748781145 0.832462966
H 1.189172149 -0.310164303 0.759574234
H 2.034630060 0.986005783 -0.079733029
C 2.954306126 1.210053325 2.958834887
C -1.192137718 -1.130569458 -1.177336812
C -1.114841461 -0.122854784 -0.551532567
O -2.482960701 -2.415358305 -2.752759457
H 3.555890083 1.388126135 3.807769299
H -1.731601715 1.894366264 -0.167847455
