15

O 0.033885926 1.723421454 -2.068403721
H -1.541945934 -2.015188456 0.310791552
C -1.406809449 0.148230761 0.474091649
C -0.965275466 -1.101602435 0.318821818
C 0.527311921 -1.000553727 0.038728245
H 0.727624595 -0.033493951 2.012029409
H 1.123572588 -1.906323075 0.114993528
H 0.712268233 -0.820265114 -2.131234169
H -2.419246197 0.492588013 0.609398901
C -0.196864262 1.066878319 0.325765699
H 1.909905553 0.549002886 0.788462639
C 0.188277975 0.945245087 -1.170406222
H -0.312450737 2.089350700 0.662958682
C 0.893303871 0.188134223 0.960598707
N 0.726441622 -0.325424671 -1.246596575
