17

C -0.213075832 -1.348056793 -1.046017408
C -1.706535220 -0.027148435 -0.262740910
H 0.809030175 -1.715374470 -1.187872291
C 1.787594795 0.430152535 0.564881742
H -2.054999590 0.813507259 0.340202212
C -0.421777606 0.191136554 -1.110146165
H -0.740572870 -1.585899472 1.259655118
H 0.688724279 2.373496532 0.760868967
H 2.441013336 0.826363266 -0.195125595
C 0.712156892 1.367512465 1.138567090
H 2.242440224 -0.272005409 1.255997896
H -2.521747351 -0.536937952 -0.765179634
H -0.302875608 0.849668205 -1.964183092
C -0.624648809 -0.932982385 0.390299022
C 0.337954909 0.242150620 0.232163340
H -0.925384820 -1.952440381 -1.599769354
H 0.492703080 1.276857495 2.188398838
