18

O 0.194651857 -0.342828304 1.453734517
H 1.032460570 -0.286910206 -1.834438801
C -0.954523623 -0.374117315 0.580525994
H -0.004589326 2.173852444 -1.422197461
C 2.333760500 0.719198525 -0.446699947
C -2.096349478 -1.241735935 1.010684490
H -1.715760946 -2.186888218 1.405560493
H 0.654680490 -1.871913910 0.049278423
C 0.947475314 0.187328652 -0.847628832
C -0.123279296 1.243928194 -0.870009542
C -1.169327497 0.939765632 -0.119087264
H 2.671154261 1.509685278 -1.124508142
C 0.370422274 -0.833632708 0.124345094
H 2.297819614 1.127940655 0.560391784
H 3.077215195 -0.073195860 -0.470578343
H -2.698459387 -0.763969600 1.768449903
H -2.064665794 1.550985575 0.024864128
H -2.752685308 -1.477492809 0.157313362
