16

H 1.692921162 1.718113542 0.100467034
H -0.220368654 -0.737578988 -1.819764256
H -0.848340929 -0.553586364 1.716151357
N -2.747083664 -1.865345716 -0.317325532
C -0.247040302 0.655199647 -0.025167558
C 1.184276462 0.957235694 -0.500507176
C 0.060863577 -0.161929876 1.261147976
C -1.740947366 -1.345204830 -0.513752639
H 1.239493966 1.247472882 -1.551459312
H -0.915181756 2.434586048 0.242156416
H 0.731132925 0.267554313 2.004580498
O -1.214004517 1.626361370 -0.142369747
C 0.700038314 -1.087173820 0.205511108
O 1.787978053 -0.327039659 -0.305361569
C -0.464039117 -0.706307650 -0.752701581
H 1.000302076 -2.122356415 0.398395181
