16

C -0.608418882 -0.025237070 -0.241437241
C -0.358145118 -0.523213148 1.200252533
C 1.375159621 1.600141644 -0.633114815
C 1.317490339 -0.045770578 -2.023493290
H 1.291367888 2.387341499 0.102337718
H -1.383437753 0.744482219 -0.209873706
C -1.546239257 -1.020107388 1.841478825
H 1.068797350 -0.926611722 -2.578868389
C -2.581629992 -1.422528744 2.333461761
N 2.396379948 0.645434022 -2.340660334
H 0.062172282 0.297630548 1.792979002
H 0.418417096 -1.293494701 1.174922228
H -3.465865135 -1.776857376 2.785201550
H -1.016580939 -0.839190006 -0.835065961
O 2.415708780 1.686286330 -1.445531845
C 0.614823997 0.511694789 -0.922588289
