16

H -0.946646333 -0.863517642 1.153960824
C -0.027412347 0.779613972 -0.665958107
H 0.032945342 -0.040222876 -2.714129925
O -1.054040432 1.724742651 -2.369728565
C 0.718881726 -0.018085264 0.328977168
C -1.344207048 2.473764658 -1.262528658
O -2.003209591 3.448153496 -1.225258946
C -0.253072202 0.675615311 -1.959179521
H 1.479940772 -2.518447161 1.090182781
H 1.650244594 -0.392467439 -0.109988086
H -0.039147347 -2.900446892 1.890923738
C 0.613432169 -2.088350058 1.610254765
N -0.083010122 -1.187171698 0.717222869
H 0.979594648 -1.608394742 2.535277605
H 0.998386919 0.620977759 1.170646071
O -0.722680748 1.894236207 -0.190674126
