19

H 0.642165899 -1.781972289 0.561145246
C -0.359217733 0.451374888 -0.938625753
H -1.152979374 -0.609012306 2.256992817
H -0.316067755 -2.414437532 -1.627063155
O -0.625075519 1.446230054 2.308557749
H 1.414479017 1.554757357 1.776963949
C 0.411865592 1.601269007 1.333027840
H 0.312946409 2.555558205 0.787239492
C 0.960597634 -0.782723308 0.261100948
C -0.246126935 -1.358652830 -1.944054961
H -0.552195013 1.438467622 -1.372637630
H -2.174157143 0.447519183 1.261473417
C -0.059155431 0.356582046 0.574594557
H 1.700281143 -0.231834620 -1.837194920
C 0.813096285 -0.508877277 -1.269174933
H -0.258088857 -1.302169323 -3.041408062
C -1.159376025 0.273637980 1.628103852
O -1.307032347 -0.535916924 -1.386021256
H 1.954040051 -0.599799812 0.666980624
