14

O -1.164523602 1.117303252 1.337191820
C 0.914379895 -0.064932026 0.532039165
C -0.118841067 0.734075963 -1.096206188
H -1.656804204 -1.179745317 -0.786648393
H -2.087203503 1.258798361 1.034355164
C 0.528251052 -0.656123281 -0.792262733
H 1.149101019 -1.258975625 -1.454197049
H -0.754680574 -1.871464372 0.625672400
C -0.811249137 -1.073360682 -0.121915944
H -0.933213711 0.729038537 -1.821912408
H 0.560269058 1.571907163 -1.244221210
N 2.906638861 0.226313591 2.052505255
C -0.502505958 0.382466614 0.393003702
C 1.970382094 0.084697820 1.342596292
