18

C 0.595785081 0.052435052 -0.524255872
H 0.376238614 0.809804857 -1.283618569
H -0.250859827 -1.818462849 0.116484888
N -1.796457648 -0.417569429 -0.233201161
C -0.778135836 1.324005008 1.202543139
H 1.975022912 -1.031963587 -1.822230339
C -2.026885271 0.593596756 0.665101588
H -0.581356585 -1.410246491 -1.560421467
O -0.918235838 2.281506777 1.897153258
O -3.129193306 0.911621392 1.026152968
H 0.827198565 0.007796594 1.611672163
C 1.968922853 -0.563734710 -0.836930096
H 1.327962518 1.537349939 0.912801802
C -0.513784826 -0.993412197 -0.561849952
H 2.748367071 0.192032441 -0.826298594
H -2.634039164 -0.900467455 -0.513065279
H 2.222777843 -1.324754238 -0.109466039
C 0.586673081 0.750462592 0.839427412
