14

N 1.428775072 -0.122644514 0.510978103
N 0.571164072 1.972918272 1.149591327
C 0.856636107 -1.229676247 -0.229952455
H 1.275446773 2.013600349 1.862566113
H -1.333191752 1.192000151 -0.781236708
H -2.197516680 -1.273583770 -0.216470480
C -1.137793183 -1.009944320 -0.216401100
H 1.562809944 -2.010805845 -0.484208971
H -0.300458759 2.403525591 1.396695256
C -0.161616400 -0.684086978 -1.273176312
O -0.262240082 -1.756005049 0.566505611
C -0.641492486 0.456978917 -0.400944620
H -0.176322967 -0.745840251 -2.350527048
C 0.515800059 0.793563902 0.466581166
