13

C 0.944177270 -0.591455221 0.173457831
C 1.088263035 0.927682996 0.329958588
H -1.228738427 -0.138835758 -1.878540754
C -0.527006865 -0.032628134 -1.052165747
O 1.846409082 1.579813600 0.973434269
O -0.442078918 2.459497929 -0.926470160
H -1.357241035 -0.804838955 2.044445515
C -0.591152310 -0.816456378 0.265724838
O -1.333641291 -0.217538804 1.282974482
O 0.795465648 -0.623308003 -1.278162837
H -0.818506539 -1.863321424 0.083249286
C -0.076179072 1.356262326 -0.621382236
H 1.700229883 -1.234874368 0.603477061
