20

C 0.986128986 -0.302151054 -1.946001172
H 1.622316003 -1.048590779 -2.436789989
H -1.630312324 0.852280140 2.992376804
H 0.611178875 0.371706784 2.062711716
C 0.883055210 -0.647756219 -0.464846373
C 1.546026468 1.103792071 -2.185507298
C -1.068811536 -1.091471553 2.001171112
H -0.799432516 -1.544244647 2.937706947
H 0.593735039 -1.695384741 -0.327541083
H 1.860803366 -0.510712564 0.026628491
C -1.609507084 0.342028260 2.034885406
H -0.013804948 -0.397213161 -2.387416363
O -0.094963469 0.217361078 0.103415757
H 1.574600816 1.335616112 -3.258670330
H 2.566663265 1.194936633 -1.796689630
H 0.926405966 1.846383929 -1.691176772
C -2.668244839 0.695403457 1.143734336
C -0.230825722 0.036679558 1.470024109
H -1.510100961 -1.742437363 1.266003847
N -3.544911385 0.983774245 0.455980420
