16

H -2.080342293 0.817123532 -2.283293724
O 2.419566870 -1.348255754 1.004561782
H -1.700103283 0.315398872 0.146565944
F 0.017664995 -0.214688033 2.113303185
C 1.611875415 -0.766339481 0.377174556
H 1.853144884 -0.276155174 -0.578875959
H -0.586308360 1.788864493 -2.324745417
H -0.747761488 0.363111734 -3.367410183
O -0.418384135 -0.077674814 -1.423967004
F 0.965349317 -0.318410456 4.220301628
C -0.988820553 0.769201815 -2.393264294
H -0.304241359 -1.655697823 0.667921126
C 0.707495809 -0.429956734 3.103050470
H -0.251836956 1.347231627 0.066527680
C 0.138239607 -0.643019378 0.783232987
C -0.635538578 0.329265475 -0.111083917
