18

H 0.080836639 -1.884704947 -0.441273153
H 0.604993403 1.055177689 -0.924298108
C -1.290145874 0.603338897 -0.043168925
C -2.070183516 -0.205455571 -0.969074547
C 2.448504448 0.143074155 0.819495797
H 2.870774508 0.695850432 -0.003654945
H -2.962501526 0.117481716 -1.478150845
H 3.071530342 -0.626105011 1.220915794
C 0.149286687 0.253398657 -0.319500268
C 1.551281810 0.752223611 1.741548061
C 0.026656328 -1.039406419 -1.119346380
N -2.077501297 -0.540956557 0.452367306
H -1.558272839 1.620199919 0.241732076
H -2.939800024 -0.199637637 0.868448138
H 0.784372032 -1.143041492 -1.890477419
N 0.972858667 0.018693540 0.848625779
O 1.579215288 1.360849738 2.769749641
O -1.241904378 -0.980980098 -1.773937941
