18

N -2.093237877 -1.185023069 2.401565075
H 0.699888110 -1.369639635 -1.149495006
C -0.007144919 -0.891926587 1.909249544
C -2.025366783 -0.504243672 1.296326518
N -0.794886172 -1.425653696 2.807826519
H 1.786756516 0.668115020 0.392079324
H 1.044895053 2.203087091 -0.072782367
H 2.280239105 0.351197153 -2.033228874
H -0.480850935 -0.688549101 -2.272475481
N -0.730640292 -0.280466139 0.918134391
H 0.931505024 1.397258520 -2.460085154
C 1.076858163 1.136942387 -0.291347235
H -2.864315033 -0.142368808 0.731861711
C 1.276181817 0.661389947 -1.744976640
C -0.293948561 0.385089397 -0.280393243
H 1.067641497 -0.895152032 1.932256818
C 0.230775908 -0.456353217 -1.495340228
H -1.104350448 1.036296844 -0.589175642
