19

C 0.339207441 -0.908593595 1.571385026
H -0.631740510 -0.899116337 -2.358563185
H -2.159819841 0.670581460 1.175737023
H 2.388571262 0.514448345 -0.718158185
O 0.510807693 -1.867605567 2.254245996
H 2.799964905 -0.558786392 0.621537089
C -1.208378196 -0.868368208 -1.437334299
C -0.818189085 1.549761534 -0.426521480
H -1.667580962 1.884481549 -1.020662665
C 0.125922009 0.500839114 1.566627026
C 0.702346027 -0.257292718 0.361447632
H -1.273865223 -1.881145477 -1.044950843
H 0.003403143 2.251762867 -0.398165554
C 2.089801073 -0.395191461 -0.192400143
C -0.577270389 0.069521636 -0.426204830
H 0.599048018 1.198928595 2.259306908
H 2.155729055 -1.231297016 -0.871503115
C -1.171998382 0.755026519 0.768496513
H -2.205958366 -0.527954936 -1.684319139
