14

H 1.460128546 2.130440235 0.317848563
C 0.155372009 -0.043666702 -1.577325583
C 0.002642192 0.142963141 0.820595026
H -1.684034586 -2.486593246 -0.131135583
C -0.637914181 -1.178247094 -1.495944977
N -0.771036267 -0.962270737 0.881987870
O 1.280818701 1.719854355 -0.546380520
C 0.490316033 0.639836907 -0.405312091
H 0.516958475 0.335140586 -2.510820866
H -0.913204551 -1.726593852 -2.372722864
C -1.064435959 -1.590628624 -0.229678214
C 0.298671335 0.815959692 2.092643261
O -0.088347137 0.491344064 3.179981709
H 0.954065204 1.712461352 1.976264000
