17

H -2.707495451 -0.514342427 -0.637339175
C -0.414404303 1.632699251 0.452563673
H 1.673693419 2.331574440 -0.346313477
H 2.461507559 -0.235053480 -0.076044977
H -1.049879432 2.358976603 -0.072073653
N -1.461934447 -1.918036580 0.216579497
C -1.731315494 -0.753406584 -0.210978553
C 0.967313349 1.540047765 -0.190257251
C 1.411956549 0.067038044 -0.078567944
C -0.610228717 0.202639058 -0.108500734
C 0.499221206 0.500863016 -1.185683250
N 0.388763785 -0.526447594 0.768952727
H 0.548612952 -2.514798403 -0.063587621
H 0.029810525 -2.424308062 1.618312955
H 0.544894993 0.452675045 -2.262801170
H -0.500090063 1.728770494 1.540796161
C -0.050425999 -1.928891182 0.634942412
