14

N -0.263159603 -1.153945327 2.865894318
O -0.761904538 0.136421829 2.382786274
H -1.262656689 2.068750620 0.489511520
N 0.322372526 -1.716433287 1.893519163
C -0.706395209 1.191274643 0.222176298
H -1.018243670 1.134379148 -1.903473139
C 0.788686752 -1.171565413 -0.513839841
C -0.205721691 1.050348520 -1.177249193
H 0.454504550 1.904843807 -1.435924053
H 0.922525883 -0.372786343 -2.457807541
C -0.426176876 0.221386716 1.082329154
C 0.294250011 -0.971404195 0.789061069
H 1.300076365 -2.090157986 -0.783083677
C 0.561842144 -0.231112868 -1.453900337
