21

H 1.805002689 -0.521755874 0.997388840
H -1.485596776 -1.132890344 -1.239979267
H 0.905030072 2.172829628 0.843128622
O -0.034366019 -3.083668947 -1.985557556
C -1.217611194 0.285481274 1.018406987
H -1.027303576 2.012154341 2.319456339
C -0.143146142 -0.591445327 0.342594087
C -0.436009377 -0.854112029 -1.170016170
H -0.448009342 0.484401584 2.991662025
H -0.749394536 1.225623965 -1.670283675
C 0.893258393 1.279833555 1.454215646
C -0.494198620 1.088646412 2.083315134
H 1.676034451 1.378319621 2.190648556
O -2.357728720 0.354594171 0.706701994
H 0.897950649 0.641872048 -1.979378104
N 1.112941861 0.093409181 0.595318019
H -0.187000602 -1.566438317 0.847751379
C -0.164566502 0.381268501 -2.028002977
C 0.385641336 -2.014868736 -1.629602551
H -0.421301663 0.197602332 -3.074279070
H 1.490373135 -1.830856323 -1.613488913
