22

H 2.283479929 2.114981651 -2.546836376
H -0.259383410 -1.207836032 3.752594709
C 0.180835187 1.384726167 -2.548844576
F -0.435274184 -2.612771511 1.217847943
H 0.544724584 -0.372556686 2.422039986
H 1.614796519 -0.271487176 -2.183828831
O -0.038437549 1.092206836 0.402094573
C -0.407934338 -0.676929891 2.808876514
H 1.388700724 -0.319950938 0.289635628
H 0.161485031 1.190490961 -3.612020731
H -0.764399171 1.709930301 -2.128549337
C -1.159781337 -1.576588869 1.867418528
C 1.032000065 0.498500437 -1.671351910
H -0.991918862 1.015176177 0.239412874
H -1.004858017 0.215002373 3.026790142
C 0.549684882 0.049212195 -0.315224200
H -2.119646788 -1.923317671 2.250844717
H -1.934962630 -2.120760679 -0.109062567
H 1.317752242 2.611039162 -1.092554331
O -0.336457193 -1.023016214 -0.545297980
C -1.054625988 -1.698555946 0.391652554
C 1.434219837 1.922506094 -1.915636778
