22

H -1.924941540 2.007543564 -1.560080409
C 1.874370456 -2.165262461 0.404348195
H -0.424758643 2.056446075 2.060669422
H 2.135876894 0.658623993 0.353647649
H 1.497177482 -3.094114542 -0.035844635
H -1.473590970 0.687316775 1.617346764
C 1.164755821 0.347100586 0.758053303
O -0.508380592 -1.405808210 0.495102465
H 1.204018474 0.438269109 1.843367934
N 0.074860141 1.202630997 0.231477141
C 0.857185543 -1.066156149 0.278794974
C -0.933779180 1.545520186 1.228358269
H 2.118983507 -2.356692314 1.445323110
H -2.017548561 0.447407722 -2.409295082
H 2.810418844 -1.901538610 -0.123849787
C -1.796578526 0.921391547 -1.448607445
H -2.539972782 0.552486360 -0.731590927
C -0.129793242 -0.927675426 -0.791624844
H -1.654798746 2.255299568 0.810733974
C -0.384451807 0.557460904 -1.004108787
H 0.293516099 0.866373837 -1.811310530
H -0.242568731 -1.626623988 -1.610910535
