16

H 2.349339724 -0.862592340 2.415667057
O 0.949224710 0.975517929 -2.109822989
H 0.690620422 -1.631124973 2.439551353
C -0.910171986 0.530655205 -0.640659928
H -0.673427105 2.176470995 -2.133555412
H 1.885174990 0.151961252 0.176138774
H 0.210527420 -1.288898110 -0.934462368
C 1.049501300 -0.268717498 0.742388666
O 0.720704794 0.434552073 1.939742446
N -3.245875835 -0.097975530 -1.638214111
H -0.804096103 -1.292097688 0.512288868
H -1.076423645 1.241654515 0.180681065
C -0.134923637 -0.689774394 -0.087706111
C -2.211055279 0.180065870 -1.184613585
C -0.134191424 1.298200727 -1.728806734
C 1.335071802 -0.857898235 2.051382780
