15

C 0.166530013 -0.612777889 0.323960543
C 1.778772235 1.199118853 -0.775635123
H -2.308990955 0.877873302 0.508428752
C 1.627332926 -0.750317693 0.412540138
N -0.560351014 -1.655704021 0.890126884
C -1.819682121 0.727712154 -0.456181675
H 0.027609557 -2.229547977 1.475000024
H -1.481307864 -1.446732640 1.242653728
H 2.301936865 2.016557932 -1.243737936
O 2.130299807 -1.698210716 0.998953462
O 0.451146930 1.384785891 -0.867987573
N 2.383033991 0.243465379 -0.203395203
H -1.977444172 1.615256071 -1.068230987
C -0.385859162 0.442386687 -0.299212754
H -2.333026648 -0.113865271 -0.937282383
