15

C -0.729135156 0.422776908 0.033392407
C 1.244702697 1.878499866 -0.460040689
H -2.367685318 -1.218991399 2.923616886
C 0.516603589 -1.160668612 -1.160591245
N -0.669770181 -0.447151273 -1.130736470
H 2.366338253 -0.594555736 -0.459876448
C -1.896753788 -0.739961922 2.109845161
H -1.216874242 1.369418263 -0.187318996
H -1.495401740 -0.969550908 -1.351284027
H 1.029745698 0.820805550 1.316708803
C -1.359010816 -0.215574190 1.186821222
N 1.383780003 -0.538527727 -0.248064265
C 0.813201308 0.679233015 0.261728376
N 1.615132451 2.823103905 -1.006641150
O 0.765126824 -2.108855247 -1.827559829
