24

H -1.429374099 1.350923419 0.222587153
C 0.902291775 0.426171303 1.526971102
O -2.787927628 -2.354237080 -0.932019293
O -0.448305130 -0.724824548 -1.808269620
C -1.037027597 -1.493508458 0.444606274
H -0.546191156 -1.927586436 1.306355834
H 2.175393105 1.854651690 -0.531805396
H 2.652452469 0.143796429 -0.500694454
H -0.036351416 2.909870863 1.133682370
H -1.768180728 -0.764407873 0.776401222
H 1.429014087 1.334690213 1.844707608
C 0.021181311 -0.839270711 -0.486311942
C -0.471340418 1.619324565 -0.234846562
H 1.567579865 -0.403072745 1.744779706
H -1.390877843 -0.510212779 -1.794544578
H -1.324987531 -3.571698427 -0.313222855
O -0.067037277 2.904320002 0.186974838
H 0.862163365 -1.536393881 -0.558047295
H -0.617347896 1.704212308 -1.311012030
C 1.843440294 0.832150459 -0.759894192
C -1.783225894 -2.561425209 -0.314256281
H 1.667038679 0.763325453 -1.825545549
H 0.010779092 0.328519106 2.148755550
C 0.576840341 0.514682293 0.034648318
