18

H -0.897351444 -3.236997843 0.642027497
C 0.407720953 -0.750464320 0.518349767
H -1.747720957 -2.110426903 1.704392076
C 0.944999397 2.867014170 -0.721934080
C -1.546382070 -2.350382566 0.657194614
H 2.096133709 0.568190634 0.102827579
H 1.863191128 4.585659504 -1.879114985
H -1.623934627 -0.334630430 -0.060975514
H -2.514712811 -2.659472227 0.212262467
C 1.442283392 3.772830486 -1.338247180
H 1.093438148 -1.600515246 0.505692482
H 0.266340852 -0.478385955 1.570223689
C -0.943111002 -1.180091500 -0.080834016
H 1.102698088 0.245975360 -1.288777709
O -0.568442285 1.922628641 0.784447432
C 0.365907788 1.752009392 0.024168570
C 1.054948211 0.429541826 -0.207731605
H -0.796006441 -1.442483306 -1.143971324
