19

C 0.695297182 -1.602596164 -3.176105022
N 0.102326669 -1.796698093 -1.860772729
H -1.048573613 3.194263935 2.250256300
H 0.538684845 3.442879200 3.909071207
C -0.638973653 2.348285198 2.823315144
H -0.384235233 0.186491847 -1.514351606
C 0.164344668 -0.614703715 -1.018796563
C -0.556180239 1.191750407 1.952427745
H 1.746597052 -1.266461253 -3.148294687
O 0.637166023 2.657228231 3.352205753
H 0.076811388 -1.713794589 0.822019815
C -0.527704656 0.235958517 1.218720198
H -1.355962753 2.139640808 3.631876945
H 1.185742617 -0.236137211 -0.870847940
C -0.485646427 -0.902726769 0.325606287
H 0.114484459 -0.861305594 -3.731571674
H 0.653613746 -2.541318178 -3.736834049
H -1.492279291 -1.287410021 0.166678533
H 0.574487567 -2.573346853 -1.394603372
