21

H -1.287647367 1.640758753 -1.270780563
C 1.653756738 -1.153756618 -0.410051614
H -2.170269966 0.116475299 -1.447655916
O 0.856970131 -0.126304507 2.848338366
C 1.243375063 0.340348691 -0.513222992
H 1.629591107 1.004628420 0.258076012
C 0.186123267 -1.541445136 -0.720365584
H 2.414773703 -1.509237647 -1.105297089
C -1.167125106 0.570785642 -1.454382896
H -0.327354044 2.206251383 1.266871095
H 1.943836570 -1.420857787 0.601993024
C -0.849038184 1.372227669 1.728556871
H 0.033036437 -1.794580221 -1.772437692
C -0.250498861 -0.063740276 -0.432270795
C -0.850225031 0.054350071 0.967728972
C -0.047215328 0.255081326 2.117144585
H -0.773205161 0.456571043 -2.463500977
H -1.770552635 -0.533782959 1.073815227
H 1.485467076 0.766890824 -1.485552549
H -1.694377422 1.673055649 2.333130121
H -0.259420753 -2.313719511 -0.120136566
