18

C -1.899528742 -0.306777060 0.048387788
C 1.200018406 0.054891702 0.530392051
H -2.542403460 -1.138816237 0.380604476
H -2.371459723 0.220263094 -0.780119777
O 1.141168594 2.218951464 1.872905016
C -0.507543802 -0.820796251 -0.252572954
H -0.475347996 -1.762667894 -0.794705272
H 0.345375955 0.212113813 -2.800818920
O -1.664610147 0.623540342 1.098937273
H 1.820628881 0.881428480 -2.114277124
C 0.718539715 1.150988460 1.509057283
H -0.758344173 0.087452903 2.858401060
C -0.510464251 0.249501735 1.808838964
N 0.433327705 0.211177945 -0.723878801
H 1.579028368 -0.869439721 -2.169468641
C 1.082111597 0.090515964 -2.016845703
H 2.248066664 -0.232013270 0.454463005
N 0.161435559 -0.870315790 1.090700388
