13

H 0.404103756 0.845355392 -1.953683853
H 0.342867315 1.100749493 0.571048081
N 3.439787626 1.028436422 -1.161596894
H 0.892320812 -0.539800644 0.756476283
H -2.830205679 -0.588672876 3.317600489
O -1.641204357 -0.653069735 -1.017796755
C 2.348541260 0.646623194 -1.236720324
C 0.981474698 0.180150226 -1.304586411
C -2.326977491 -0.523759842 2.367915630
C -1.787401795 -0.449294418 1.310937524
H 0.939792871 -0.810785651 -1.770905614
C 0.330717474 0.124273717 0.091595285
C -1.093816638 -0.360205144 0.029716475
