20

C 0.604600549 -1.213171482 -0.516274452
N -0.779757679 0.865377486 -1.354334354
H 0.130771115 1.249833226 -1.579716563
H 0.498543382 1.096222162 1.771862864
C 1.743321896 -0.266121745 -0.796927392
H -2.117204189 2.020114183 1.072713733
N 2.682872534 -0.422699034 -1.619300961
H 1.490717292 -1.344195366 1.532491088
H -0.298745573 -1.506125212 1.482381344
C 0.437719584 0.486608148 0.885216355
C -2.144886017 0.979954064 0.797282934
C -0.873532236 0.581440449 0.074727900
H -2.291202545 0.389784336 1.694188118
O 1.574218988 0.802310109 0.049273036
H -3.000870943 0.824654222 0.141366661
H 3.297655821 0.378029794 -1.619766116
H 0.743915200 -2.202805042 -0.924450040
C -0.725467026 -0.524715304 -0.898686826
C 0.569842577 -1.035979271 1.026447296
H -1.542512655 -1.158516049 -1.218494058
