17

C -0.007893899 1.118317604 -0.693098903
C 1.757515669 -0.507480741 0.342275441
H -2.108994484 1.719077587 -0.933956206
H 0.373329252 1.911255360 -1.331998825
O -1.780778527 0.287174046 0.533813953
H -1.758544564 0.076031581 -1.540576339
H 2.221600533 0.320909411 0.826554716
C 0.310674071 -0.817361891 0.605031788
O -0.159255296 -2.081898928 0.899486005
H 0.712321043 -0.818615198 -1.640692949
C 0.710197747 -0.243707970 -0.732911944
H 2.382793427 -1.367172122 0.167098522
O 0.114860147 1.492631316 0.677739263
H -0.068211898 -2.638694763 0.153454974
H -0.661549211 0.386934012 2.251895905
C -1.516036034 0.827067792 -0.775411487
C -0.522027910 0.335532993 1.191295981
