20

H 1.779678702 -2.255380869 -0.626591563
O 0.399245828 0.525900662 1.235108972
H -1.159295082 4.120058537 1.295251131
C 0.047152743 -3.285974264 0.148255453
H 0.039456896 2.843605757 1.701574922
C -0.445943236 1.639375091 -0.700657368
H 0.449376583 -0.670609534 -1.698630452
H -0.944961846 -1.167345285 -0.821756184
H 0.638922334 -4.083343029 0.606269538
H -1.094170690 1.291953921 -1.516957045
O -1.195167780 2.536161423 0.047916587
H 1.249775648 -1.678609014 0.949080944
H -0.300870717 -3.660607815 -0.809027910
H 0.426014096 2.103907585 -1.172631264
C -0.451857597 3.394608498 0.882706165
C 0.889505565 -2.022134066 -0.026563350
H -0.816601932 -3.103110552 0.780344427
C 0.109969527 -0.884173751 -0.679408252
H 0.323921263 3.938745975 0.311374307
C 0.055849947 0.416971624 0.094340943
