18

H 1.626339674 -0.919296920 2.025111675
C -1.072879553 0.105615519 -1.126714230
H -1.684012890 0.736037374 -1.769654036
H -0.708970666 -2.268892765 0.779064298
C 1.331566215 0.306468457 -0.429217935
H -1.693252683 -1.855428696 -1.730928302
O 0.792222679 -0.486057967 1.883580089
C 0.519083083 -0.522440493 0.513952971
C -0.419935763 1.968988299 0.586325169
H 2.090718269 0.934023976 0.020231709
H 0.532848120 -2.508532524 -0.435353667
C -0.115833804 0.692851007 -0.145420939
C -0.171798840 -1.772920847 -0.030404927
H 0.272372931 2.133307219 1.397901416
H -1.417155266 1.936142564 1.024007440
H 1.599094391 -0.078396514 -1.407850981
C -1.109151840 -1.222059369 -1.081860185
H -0.371254653 2.820591211 -0.072769627
