18

H 3.362538576 -2.199098825 0.865336418
H 1.852772832 -2.529573441 -1.076814055
C 0.294917822 -1.341351748 -0.364373505
C 2.532933950 -1.517428637 0.701427042
H 0.671828151 3.877951145 0.596369445
H 2.897757292 -0.632560790 0.196141675
N -1.705524206 0.156290025 -0.811778963
H -2.334979534 2.006694078 -1.702741265
H -3.723420143 0.571414411 -0.153584138
C -0.045950282 3.211586475 0.219228789
H -2.421495438 0.737522781 1.122065783
C 1.426960588 -2.211890221 -0.129895180
C -1.859870076 1.609936237 -0.820232034
H 2.149409056 -1.216926694 1.684232831
C -0.858872592 2.463711977 -0.235850349
C -2.684020042 0.720332384 0.077495150
C -0.646245360 -0.597322822 -0.549753785
H 1.091260195 -3.109285831 0.382726341
