17

C 0.614248097 -0.390387505 0.793621719
H 1.491847754 -3.450374842 -0.310336828
H -1.481941104 3.400215864 -0.780655324
H -0.116382696 -1.751156211 -0.514614105
C -1.044918418 1.427727818 -0.256443053
C -0.286181688 0.624741971 0.217131227
H -2.853614330 2.474672556 -0.193687752
H 0.206889242 -0.725858688 1.770077348
H 2.481460094 -2.390220642 0.695945680
H -2.879423618 2.677843332 -2.507591009
C -1.961392999 2.412481546 -0.820406139
H 0.960223317 -3.035271883 1.346981525
N 2.968928576 0.637571752 1.334704995
O -2.272730112 2.023788214 -2.140341043
C 1.926569581 0.214840680 1.083293915
C 1.457068682 -2.656989813 0.437798440
N 0.789349616 -1.493624210 -0.155479699
