23

C 0.504314244 -0.485484987 0.633352339
H -0.285531312 0.826609313 -2.427679777
C 0.064998604 0.282553732 1.890521288
H 1.640914083 -1.504868388 -1.691352487
H 0.118549302 -1.502689958 0.612939715
H 1.601751685 -0.509647310 0.559842706
H -1.100443482 -1.390652061 -3.169485807
C -0.498956800 -1.360552549 -2.261044741
H 1.370775223 -0.770041227 -3.338147402
C -0.028439272 -0.013995179 -1.784871578
H -2.030676603 -0.155405968 1.606802940
N -0.094083540 0.340838790 -0.409114063
C -1.300508022 -0.174263969 2.414915323
N -0.008549709 1.671105862 1.407865882
H 0.579930365 2.331655502 1.918900847
H -1.647187114 0.500414491 3.197556019
H -0.293668509 2.429466486 -0.540359199
C 0.302078366 1.684508204 -0.012004715
H 1.371903419 1.879042625 -0.231487989
C 0.951636493 -1.005097151 -2.368475676
H 0.809291780 0.192644075 2.685733080
H -0.788310587 -2.079781771 -1.509593844
H -1.239788651 -1.186358571 2.815187693
