19

N 1.031889081 -1.005956650 0.651718676
C -0.544196665 0.584483683 -0.278551072
H 2.346882343 -1.929567933 -0.659132898
H -1.575851917 2.177581787 0.692267299
H 0.642511547 -2.209950924 -1.032028675
C -0.025530363 -0.164273575 0.819459319
C 0.120038293 0.536962509 -1.463379979
H 1.199080229 -1.622767806 1.426507354
H -0.219107106 1.138090491 -2.314151049
C 1.358078837 -1.447372079 -0.687200785
C 1.358633161 -0.263541937 -1.639313102
C -1.025294662 0.074924484 3.213886261
C -0.554224193 -0.036531463 2.104062319
H 1.461892247 -0.633115113 -2.676288605
H -1.425470352 0.170159072 4.187314510
H -2.616055012 0.855875134 0.221351683
H -2.010475159 1.960891366 -1.013667941
H 2.239645243 0.364247411 -1.458597779
C -1.762445331 1.449861646 -0.094254903
