17

O -1.305139661 -0.676425815 -1.749338388
H -1.746752858 1.080423474 0.277468115
H 2.104047775 0.102918766 0.322861969
H -0.467692733 2.200078964 -0.262454063
C 0.049217537 -0.246529490 -1.668208003
H -0.695016980 -1.649012923 0.596448541
C -1.033366203 0.728161335 -1.802428246
C 0.490457833 -0.750502288 2.216845036
H 0.912348807 0.196919054 2.511931419
C 0.290788412 0.149013862 -0.195773855
H -1.397598505 1.270344973 -2.650965929
O 1.294623017 -1.501376629 1.316729188
H 0.023304656 -1.327017426 3.001479626
H 0.763135970 -0.636564195 -2.379471779
C -0.881232858 1.199005961 -0.357983977
C 0.086960658 -0.934248388 0.827277839
O 1.511914849 0.794810951 -0.004416615
