15

H -1.550993681 2.043559313 0.754059851
C -1.119372606 1.095514178 0.491488248
H -1.023147702 -1.598687530 -1.032964706
N 0.475832313 -0.501499832 -0.010536108
C 0.940669000 1.800620437 -0.710876644
C -0.822749257 -1.171550393 -0.045101136
H 0.891761780 1.142482996 1.255167127
C -1.760798216 -0.052731525 0.290066242
H -0.846716940 -1.998400927 0.661886811
H 2.522530317 -0.489124626 -0.164271310
O 1.718818665 -2.336306334 -0.454634815
C 0.376406163 0.910233915 0.320509374
N 1.380041599 2.514430046 -1.498465419
C 1.646234751 -1.161811471 -0.220286846
H -2.828516006 -0.196727842 0.363959372
