22

H 1.142610788 1.317175388 -0.998672962
C 0.413151890 0.304539025 1.247911215
H -1.838014603 -1.611917377 1.083285213
H -1.341195226 3.101657152 -1.840215564
C -0.752645671 0.711389184 0.321963459
H -2.543908596 2.243823528 -0.852665603
H 1.775739670 -2.182172775 0.988008320
C -0.774833739 -1.549602032 0.903416157
H 2.207998276 -2.058140993 -0.731233895
H -1.665052176 1.383521795 -2.122083426
C 1.103567481 -0.351415396 0.004221177
C -1.562065601 2.147671461 -1.358964682
C 2.081558943 -1.494180799 0.203586042
O -0.137231648 -0.795116603 1.961616993
H 3.056829691 -1.088683844 0.467062086
C -0.418929726 -0.688276410 -0.300661087
H 0.903505325 0.998617887 1.928936243
H -0.749621272 -1.003925920 -1.286765337
O -0.533897281 1.862573266 -0.453378022
H -0.362408012 -2.565870523 0.874767900
H -1.731627226 0.771248221 0.829402447
O 1.726467848 0.547085345 -0.869536936
