19

H 1.462083340 -0.817000985 1.772964954
C -0.853304803 0.563708305 1.336239100
H 1.558930755 -1.667124391 0.214725688
N -0.773213923 -0.755116820 -0.758525848
C 0.977318525 0.946691215 -0.336479574
H -0.454923242 -1.643306136 -1.085537791
O 1.795140028 0.307625979 -1.286589026
H -1.429901004 1.365586281 0.894338906
O -2.081855774 1.024719238 -1.400013328
H 1.557995200 1.418808699 0.454563767
H -2.120441437 -0.807441652 -2.277140379
H 2.355699778 0.981229424 -1.701904058
H -1.537552953 -0.164256975 1.772643209
H -0.237873510 0.984281719 2.144680262
C -1.709309340 -0.122048125 -1.511783242
C 0.039477937 -0.104312055 0.291115671
C 0.873722792 -1.224710822 0.945008695
H 0.223044232 -2.004518032 1.345974684
H 0.354963452 1.717185259 -0.814280689
