19

C 0.023363875 -0.091174915 1.826173067
H 0.378891170 0.538522661 -2.025782108
C 0.151329339 -1.411774278 -1.084531426
H 0.150570735 -1.938196898 -2.039462328
O 1.296241403 0.052959003 1.174439430
H 0.729792058 -2.016743898 -0.381689221
O -1.199769974 -1.366995811 -0.601510942
C 0.825664997 -0.047681358 -1.227724075
H -1.914555669 0.517747998 -1.087698221
C -1.670544386 -0.105398536 -0.209502235
H -0.281524122 -1.134180903 1.926194906
H -0.010672471 0.399330497 2.803222179
C 0.727197289 0.749880493 0.061949570
H -1.091177821 1.625291109 0.950358272
C -0.695445359 0.659380972 0.676155388
H 1.884914398 -0.186491892 -1.487147212
O 1.267955780 2.017366409 -0.096854672
H 2.025214672 2.029794931 0.497710407
H -2.597446203 -0.291636229 0.325699419
