23

C 0.543613255 -0.460503906 1.396202922
C 0.393412203 -1.308704495 -0.801968336
H -2.659176350 1.641492486 -1.470174551
H -2.551377535 2.270786047 0.176253676
C 0.039723877 1.750414133 -0.734894693
H 0.656015754 -1.758020639 -1.748602509
C 1.231892705 -1.168733835 0.230248645
C -0.948602378 -0.716169178 -0.536685348
H 1.044075489 1.307790160 -0.673438191
H 1.112194896 0.433519125 1.697199464
H 3.330421448 -0.775246203 0.498081714
H 0.033606149 2.647914171 -0.121453807
H 0.503621042 -1.111453414 2.282383919
C -2.430042982 1.365613341 -0.432620645
C 2.648389339 -1.613973618 0.311777622
H -1.688147187 -0.230538055 1.565973163
H 2.810695648 -2.300097942 1.162488341
H -3.201776743 0.665906429 -0.111574195
C -1.037761092 0.787611544 -0.304460734
H -1.834402084 -1.222931623 -0.898288488
H 2.972227812 -2.125088215 -0.584659040
H -0.115881465 2.064964771 -1.766542673
C -0.852722883 -0.144551411 0.864753842
