18

C -0.638318121 -0.782322705 0.236764908
C -0.060247596 -1.922764540 2.203671694
H -1.054590225 -1.793161154 2.651099920
H -0.618534744 -1.730847716 -0.309644520
O 0.258964330 -0.864344239 1.332701802
H 1.564425826 -1.532417059 2.920370579
O 0.877735019 -1.986479402 3.240434408
H -0.078799784 -2.884249687 1.652704597
C 0.827897727 1.353058219 -2.344225883
H -1.652893424 -0.614598453 0.605342567
N 0.635335565 0.101781592 -1.651060581
C -0.055586051 2.335578442 -1.629516125
C -0.205530569 0.304897279 -0.694314599
H -0.127583355 3.372770309 -1.861777782
H 1.866995931 1.657570124 -2.326233387
C -0.686357796 1.662410021 -0.650083005
H -1.413405895 2.063186884 0.036807958
H 0.560493052 1.259931684 -3.413042545
