19

C -0.154011130 -1.311836004 0.435859799
C -0.055947188 3.559818029 0.618589699
H 1.288875818 -0.036362190 -0.480301142
C 0.209674135 -0.059027258 -0.349972427
N -0.355387568 -3.640425205 -0.260634542
N -0.190101713 1.139003873 0.358559370
H 0.006157232 -4.505198479 -0.651937127
H -1.231813908 -1.422194004 0.518654048
H -1.289745688 -3.641083241 0.091228679
H 1.279884577 2.345375299 -0.484514207
C 0.465722054 -2.569291830 -0.173720628
C 0.182268217 2.375216007 -0.305929959
H 0.230268270 -1.211187482 1.448131204
H -1.199710369 1.137313724 0.499619722
H -0.294026971 2.564188242 -1.262958407
O -0.382950753 4.649939537 0.227663845
O 1.618145466 -2.586834192 -0.559828937
H -0.221743315 -0.114511982 -1.357533693
H 0.094442785 3.327098608 1.689025044
