14

H 1.911684155 -1.243100047 0.425317556
O -1.717814565 -0.474288374 -2.080790281
C -1.314934254 -0.588597655 0.355594903
C 0.278540641 1.300189734 0.548944116
H -0.052081663 -0.308319181 2.140640020
H 1.088199019 -0.707516670 -2.060609102
H -0.521741390 1.915986896 0.152368039
C -0.954921782 -0.454987586 -1.157336712
C 0.546864569 -0.375325292 -1.179211974
C 1.088247657 -0.586458921 0.177211434
O -2.356545448 -0.968824446 0.800276160
C -0.085600130 -0.129064351 1.074849367
N 1.234308004 0.745021820 -0.468778163
H 0.855795264 1.875283837 1.271525025
