23

C 1.483631253 2.303476810 -0.885448992
H 1.852927804 2.437973738 0.132749930
H -1.767266035 -1.894375443 -0.993916512
H -0.836641192 -2.971535921 1.226661563
H 2.430688858 0.383839220 -1.108143568
H 0.163230509 1.222778082 1.317444921
C 1.440415859 0.832731068 -1.266706944
H -2.539792538 1.242913842 0.144289315
O -1.969786644 1.030833364 -0.607159913
C -0.169074520 -0.950199962 1.875910878
H 0.407306880 -1.606044412 -1.743685126
C -1.058786869 -1.440086365 -0.300952882
H 0.803076506 -1.423108339 2.052282572
H -0.561061978 -0.643638611 2.839818239
C -1.018915534 0.109783702 -0.213302210
C -0.037037142 0.235837445 0.932966232
N 0.378777504 -1.464902520 -0.747390628
C -1.142630339 -1.934181690 1.143412709
H -2.157830000 -1.826257586 1.537880301
C 0.458650827 -0.009140913 -0.512307882
H 0.490461379 2.747127295 -0.941767097
H 1.212246537 0.747061968 -2.336900473
H 2.137409210 2.869116545 -1.545735240
