20

H 2.396080971 -0.085412718 -1.872897148
H -0.792960048 -1.547360420 1.344275117
C 1.353550553 0.073003158 -1.568600774
H -2.142806053 1.586946130 1.739372730
N -0.117401741 0.263397157 0.490182430
H -0.431501359 2.331748486 0.198653817
C 1.780214787 -1.231470823 0.465664834
H 0.752725720 -0.711317480 -2.030802965
C -1.054685593 -0.845785201 0.549720168
H 1.027221560 1.033852577 -1.968608260
H -1.077063322 1.314018726 -1.101679802
H 2.623399496 -3.193189621 1.207252979
C -0.900186241 1.384544373 -0.022504695
C -2.209880829 1.145382047 0.729699612
H 1.852972984 0.840105295 0.360048801
H -1.116858125 -1.401340723 -0.405536205
H -3.096044779 1.530749679 0.236937985
C 2.227038383 -2.270288944 0.854903817
C 1.229055047 0.031178243 -0.039522566
O -2.302872181 -0.248759925 0.833440244
