21

H -1.282965302 1.913445234 0.609676361
H 1.974803686 -0.592594802 -1.638646483
C 1.091870666 -0.708781600 0.317322433
H 0.439780951 0.995810270 -2.479781628
H -1.419550657 -0.638712764 2.112128973
H -1.666157126 -2.304603815 -0.579539955
H 0.942544222 1.136112928 1.623432994
H 2.483187914 0.728929877 -0.596178830
C -0.832074344 0.239330888 -0.857478857
C 0.423186690 0.941717088 -1.374635458
C -0.834033787 -0.204497799 1.304835200
C 1.630437016 0.103184596 -0.871563852
C -1.507730603 0.865396440 0.392541111
C 0.666042924 0.076246858 1.598082542
H 1.676100612 -1.606370687 0.537505090
H 0.486264706 1.964421153 -1.015563607
H -1.542690873 -0.004960622 -1.673090339
H -2.601748705 0.744472265 0.382836431
O -0.740704954 -2.275937319 -0.316848576
C -0.397711724 -0.975686193 0.011336306
H 1.011148572 -0.396922380 2.513629913
