13

N 1.337638140 0.063263811 -0.318744153
C -0.542881370 -0.707577109 -1.674262166
C -0.861812592 0.104482986 0.593838871
H -2.321567297 -0.567171812 -0.679017246
C 0.481814235 0.328549266 0.718818247
C 0.863270938 -0.418366462 -1.424543500
C 1.018109918 0.891707540 1.970691442
H 0.233276114 1.063391805 2.737854004
H -1.567157388 0.295815557 1.387044430
O -1.019183993 -1.163569212 -2.688365936
O 2.171561718 1.132962465 2.180894136
H 1.545657516 -0.633243978 -2.237798214
N -1.338725924 -0.390244842 -0.566409945
