23

C 0.999736965 -2.255902052 0.207627252
C 0.498272508 0.028372675 0.542299032
C 0.522901237 -1.679704070 -1.129466057
C -0.276474863 1.075642943 1.353981853
H 0.968477964 -1.302913189 2.030798912
H 0.625570774 -3.259665012 0.353162646
H -1.763255239 -0.692270279 -2.051716805
C -0.003461532 -0.251052350 -0.883293569
H -0.675242305 3.204409122 1.463373661
H -0.479904860 2.601180315 -0.185399041
H -1.974125981 -0.897358119 -0.315201521
H 0.932124138 2.800282478 0.839069009
N 0.444784462 -1.304257989 1.167943835
H -1.326597452 0.792453229 1.413858891
O 0.626428962 0.666189671 -1.760597467
H 0.175385922 0.629277050 -2.602911949
H 2.100492716 -2.276267529 0.185480833
C -1.514054298 -0.276161820 -1.070537806
C -0.127148166 2.506433725 0.841513038
H 1.525465250 0.394399703 0.412848234
H -1.926441312 0.727553844 -1.006395817
H 0.101195320 1.017207742 2.377423048
O 0.545869291 -2.247849703 -2.183860302
