22

O -1.592432976 -0.728799999 2.647958279
O -0.436520696 -2.012610435 0.807170093
H -1.275417209 -1.938588500 1.251672983
H 0.009779123 -1.834991336 -1.851819515
C 0.141760111 1.608958960 -1.581798792
H 0.204217598 0.160868153 3.160382032
C 0.371261865 -0.964249909 1.299368620
H 1.195145488 1.734319925 -1.835779428
C -0.071864322 0.221156254 -0.994016588
C -0.408877343 -0.065182701 2.275079489
H -0.472001493 2.545248032 -3.158661366
H 1.224018455 -1.413824916 1.829597473
C 0.930427372 -0.171745703 0.116636507
C 0.592170954 -0.914132535 -1.778913260
H -0.108735755 2.375654221 -0.830385327
H -2.036927700 -0.288809806 3.362009287
H -1.107943416 0.081030272 -0.741944194
H -0.655788422 0.887789071 1.799633741
H 1.564904809 0.646176815 0.490013093
H 0.981265783 -0.649177313 -2.772003174
O -0.695953667 1.743410587 -2.703913689
O 1.647511363 -1.022499442 -0.790286064
