16

C 0.454623580 1.868936181 -0.493519306
C -0.129132435 1.040721297 0.341978163
O -0.897765398 0.969511390 2.621374846
H 0.402763367 0.880591631 -2.458164454
H -2.000133514 -0.623187184 -0.433953643
N 0.963319957 -1.002513766 0.569668233
H 0.632110894 2.898980141 -0.539083958
C -0.585269749 0.479870677 1.579561830
C 0.889230430 0.796455622 -1.492834926
C 0.231307834 -0.169215024 -0.453727216
H -0.950562537 -2.038048029 -0.703587353
H 1.139873981 -1.933056712 0.224480897
C -0.428276420 -1.028549671 1.187782884
C -1.018646836 -1.054155707 -0.268388271
H 1.958557129 0.689906120 -1.621865988
H -0.662000120 -1.776247501 1.940278292
