18

H -1.777168632 1.017602682 2.425906658
C -0.152186871 -0.231583104 -1.998407722
H -1.223575830 -0.238495484 3.548062086
C -0.426750511 -0.178117588 0.410298109
H 2.063901901 -0.718450904 -0.042280521
H 1.872579932 -1.849630475 -1.433614135
H -0.193980917 2.003817797 0.606536806
O -0.810508072 -0.661105394 1.599794269
H -0.051291406 0.879351616 2.819216013
C 1.461496592 -0.977296650 -0.920343339
C 0.189750850 1.072629094 -1.413973689
H 0.192501545 1.980059147 -2.016069889
H -0.667573452 -0.414580941 -2.931215525
C -0.970830619 0.310103089 2.637750626
C -0.090170674 -1.105387211 -0.708633304
H -0.513056993 -2.102859497 -0.676424682
C -0.192018867 1.108709574 0.009405604
N 1.288882256 0.105234206 -1.916007042
