17

O -2.235474586 -0.710885167 0.258821189
H 1.496206880 3.205710411 2.108058214
H -0.821843028 -1.294686437 1.711611867
C -0.187119082 -0.395609409 -0.224699900
H 1.477946639 -1.699877620 0.460201144
C 1.274015427 2.511404037 1.345360041
C 1.032550573 1.747244358 0.464972556
H -1.561857343 -1.588751435 -1.534244418
H -1.839828253 0.162297979 -1.622040033
C 1.061729550 -1.254564404 -0.456626207
H -1.108218074 0.461685717 1.607543826
H 0.423273861 1.320234179 -1.488346457
C -1.509948254 -0.652979016 -0.975489199
O 1.824257493 -0.109703362 -0.869427800
C -1.046781063 -0.470225483 1.032147527
C 0.733173966 0.786312103 -0.587548137
H 0.987915277 -2.017606258 -1.230294824
