18

C 1.529546976 -0.347074926 -0.009624595
C 1.324492335 -0.911025405 -1.399066448
H 0.982528031 1.520793200 0.994145453
C -0.726185620 0.504925191 0.057829194
H -2.520733356 0.509871006 1.296869993
H 2.544596672 -0.336628914 0.385766149
H 2.029765844 -0.873562217 -2.205818653
C 0.048114110 -1.336493373 -1.420589924
H -1.004947305 0.475923270 2.211250544
C -0.489753753 -1.043973684 -0.027356049
C -1.496435165 0.877652526 1.322747231
H -1.551149964 1.973656654 1.436456561
H -1.288923264 -1.674789548 0.348159313
H -1.262958407 0.857710421 -0.816779792
H -0.530761182 -1.691070437 -2.251314640
C 0.749344051 1.011023283 0.066291794
H 0.980113447 1.677210927 -0.769679487
O 0.683346391 -1.194148183 0.780714095
