18

H -0.620956719 2.287169695 1.083609939
O 0.883325517 -0.560932279 2.313875675
C -0.148233190 -0.194200948 -0.936345220
H -2.682225704 -0.875546753 -0.620836496
C 0.200582981 2.137677431 0.385818958
C 1.332832098 -0.056167759 -0.880358577
C -1.924170017 -1.457144976 -0.078489900
O -0.686361074 -1.448956609 -0.750278711
H 1.962631226 0.344074696 -1.640653849
H 1.987203956 -1.870227814 0.116583496
H -0.072756469 2.637681961 -0.548156917
N 1.913702130 -0.863109708 0.207934588
H -2.263780594 -2.488563776 -0.019300979
C 0.478948176 0.692342639 0.168219715
C 1.055421114 -0.299735039 1.166851282
H 1.085865736 2.660204887 0.796885431
H -0.659120798 0.398931891 -1.695090175
H -1.842907906 -1.043497443 0.929732025
