18

H 0.658931613 0.308707297 -1.530861020
C 0.520304918 1.596935391 0.277415544
H -2.466433048 -1.084312797 -0.355849653
C -1.238281727 0.691359043 -0.409169078
H -1.804902911 -0.611823738 1.222410321
H 0.070233889 -1.699916959 -0.157177970
C 2.024865389 -1.256248355 0.115487345
H 1.022745013 2.375413656 -0.270086825
H -3.132342100 0.301082850 0.503852963
C 0.258632988 0.286458075 -0.501945436
C -2.216777325 -0.228211224 0.286632806
O -0.891797364 1.837201357 0.390073538
H 2.615591049 -0.496965587 0.631355405
N 0.606020391 -0.926908493 0.195921883
H 0.988290131 1.451293468 1.259872913
H 2.404693604 -1.340980411 -0.908079326
H 2.224891424 -2.214648485 0.620625973
H -1.644665718 1.011564851 -1.370479465
