18

H -1.046478033 0.283474386 1.056921959
H -1.468382597 2.083245993 -0.588472545
C 0.244646132 0.644763589 -0.622894764
O -0.251894891 -2.411593676 1.637570977
H 1.259848595 0.794696748 -0.268795967
C 0.382469952 -1.285051584 1.022788763
H -0.309466153 -0.876100540 3.081620216
H -0.471233964 -0.446219802 -2.438043118
O -0.451228678 1.663816571 -2.368012428
H -1.255563498 -0.867628336 -0.237913191
H 0.109025151 2.891433239 -0.770549893
H 1.288802147 -1.573861361 0.484449148
H 1.127226114 0.301894844 -2.658647776
H 1.261686087 -1.820323944 2.996327639
C -0.447143197 1.983959556 -0.980146229
C 0.366964996 -1.470463753 2.475880861
C 0.171836942 0.397389919 -2.144099236
C -0.511114776 -0.293431640 0.322014868
