16

H -1.914904833 0.523378491 -0.580734849
C -0.122252800 0.944535971 1.253789067
H 0.378968507 0.044602990 -2.560059786
C 0.082817987 -1.586992621 1.325642943
C -1.023796082 0.907499075 -1.062950492
H 1.955281734 0.546968222 -0.710582316
N 0.014995294 1.416937351 -0.072368473
H 1.708771229 -0.253179520 1.599147439
C 0.797330439 -0.297200471 1.006858110
H -1.286833763 1.680219531 -1.789014697
O -0.765232027 1.316805482 2.177973747
H -0.350635588 -1.200500369 -1.521769881
C -0.014957450 -0.173094586 -1.566525578
H -0.050269749 -1.766031623 2.414950371
O -0.349409699 -2.366053581 0.518194139
C 0.940126419 0.262105286 -0.432549119
