14

N -0.799290061 1.986174941 1.090397000
N -0.207872286 -0.108463861 0.660725236
C 0.004326852 -1.531111598 0.844116390
C -0.709893584 0.763476372 1.570761323
C 0.045417123 0.619700432 -0.493628621
H -0.873140812 -2.103028536 0.516574025
H 0.869414508 -1.843213558 0.266518682
H -0.309618562 2.767177105 -0.843854964
H 1.484353781 -0.813928425 -3.542536736
C 1.065638423 -0.412697524 -2.669146061
H 0.192271411 -1.732963204 1.890227318
C -0.344932824 1.900905609 -0.185966998
H -1.001503468 0.440315485 2.556052923
C 0.584829688 0.067656815 -1.660239816
