13

C 0.830118418 -0.648101747 -0.165089339
C -0.278528064 -1.392034054 -0.219718620
N -0.421790361 2.549418688 0.527411163
H 2.798314333 -0.379239500 -0.497029752
O 0.775879145 0.689409733 0.108458735
H 2.252951622 -1.945924044 -0.811277509
N 2.121695280 -1.093663931 -0.290227443
C -1.674487233 0.453278720 0.282441795
C -0.432332575 1.313505054 0.312875330
O -2.760743380 0.913738191 0.488411993
H -1.370263100 2.854169130 0.692823827
O -1.535785913 -0.865225017 0.008698681
H -0.305027932 -2.449331045 -0.437779129
