19

C 0.530952215 -1.266795874 -0.047873151
N -0.542406321 -1.084458828 0.813461065
C -1.211796880 0.198150203 1.007771373
H 0.171274513 2.689847708 -0.969770968
C -0.910946846 1.410893679 0.228948444
C 1.431325436 0.942105651 -0.708972692
H 2.286062717 1.627831697 -0.574920177
H 1.493568778 0.627050757 -1.757265687
C 0.182644457 1.713737726 -0.489469945
C -1.917331457 -0.981042802 0.401637167
H 1.663401127 0.005474593 1.234212160
N 0.616947174 -2.138426304 -0.977940023
C 1.647419810 -0.297250986 0.180682361
H -0.170856699 -2.786732912 -0.918136239
H 2.602809906 -0.760832608 -0.074750520
H -1.425957084 0.394360185 2.054382324
H -1.693597555 2.168133020 0.295436591
H -2.108242512 -0.917839766 -0.672205865
H -2.645271301 -1.544205546 0.974773645
