21

H -0.287841409 -0.805004954 -2.343911171
C -0.654056013 1.187169790 -1.547759056
H -1.326161623 2.013845444 -1.769258976
H -1.114306808 0.259725392 -3.461653709
H 0.342595220 1.516162753 -1.852526665
O 1.633055925 -1.600055456 3.411336184
C 0.849839866 -1.574365735 2.515203953
H 0.614909947 0.535903513 2.463073969
C -1.029070854 -0.023986507 -2.405787230
H -0.176171705 -1.168340206 0.026399292
C 0.155525878 -0.320616335 1.997953176
H 2.082944155 0.875402868 0.313063860
H -0.886662960 -0.364180356 2.329607010
C -0.685235322 0.939112544 -0.035443254
H -0.361317545 1.850245714 0.479528368
H -1.702444792 0.762697935 0.284372449
C 1.603140116 -0.070532516 -0.028566286
C 0.180170015 -0.233527228 0.464124441
H 0.547275662 -2.503056049 1.982325912
H -1.998541832 -0.431030154 -2.113834143
O 2.212354422 -0.845570683 -0.708248079
