19

H -0.366672456 -1.080823660 2.037326813
C -0.347309619 2.202090740 -0.387986690
H 1.042083383 -2.516442060 -2.059761286
H -2.259420633 0.286751062 1.159720421
H -0.061005060 3.053800344 -1.004940629
H 1.818967104 -1.009315133 -1.582179070
N -1.560045719 1.903573394 -0.094386630
C -0.198985413 -0.165937603 0.168603495
C -0.249765038 -1.152415633 -0.953808665
N 0.332890213 -0.503749251 1.542048931
H -0.660791934 -0.650645316 -1.826979756
H 1.658588171 1.225394845 0.138537750
C -1.345988512 0.732179701 0.765660524
H 0.020855904 1.524407625 2.540626049
H 1.529518008 -2.265178204 -0.379085451
H -0.977554142 -1.939822078 -0.688100398
C 0.586660504 1.209876895 0.243678421
C 1.113916636 -1.782944679 -1.259538293
C -0.075941786 0.929199159 1.640564203
