18

H -0.812995493 -1.089305162 0.191082284
O 1.005149603 0.032451179 1.712832689
C -0.053427890 -0.526875317 -0.351202637
H -0.323001415 -1.833031416 -2.836455345
N 1.577479959 0.359673858 3.873469353
H 0.512554467 1.740823388 2.703093290
C -1.125707865 -1.133920670 -2.582846403
C -0.625471950 -0.007485116 -1.675750256
H -0.355968505 1.298770428 0.786143303
H 1.472097993 1.034326196 4.615906715
H -1.923213243 -1.702269316 -2.096858740
H 0.143577158 0.561716259 -2.203330755
C 1.026115298 0.778532267 2.822421789
H 1.228844404 1.169225454 0.029468559
H -1.435554385 0.685430884 -1.470439911
H 0.767419934 -1.214529514 -0.544096768
H -1.530932903 -0.743119657 -3.517015219
C 0.453034163 0.589586079 0.543578684
