19

C -0.734219670 1.157222867 1.346294045
H -2.048668861 -0.549357593 1.219385505
H -0.656949937 -0.860046566 2.255273581
H -0.750629306 -1.751860499 -0.340870708
H 1.753252625 -1.601934195 -0.484575391
C -0.977658212 -0.362945318 1.325533152
H -0.190402597 2.473245382 -0.426377356
H 1.764143705 -0.520174861 0.903545856
H -1.540137768 1.705578327 1.823950887
C -0.550304949 1.506457686 -0.102685370
H 1.709236026 0.160490215 -4.003393173
C -0.224249989 -0.896370053 0.094192408
C 1.206788301 -1.326030850 0.419007003
H 1.212625980 -2.195777416 1.092686772
H 0.179719776 1.404524446 1.898288608
C -0.250341147 0.276103616 -0.879670978
C 1.141893029 0.201620251 -3.102720737
O -1.547510982 0.922192037 -0.946140349
C 0.503413737 0.257062376 -2.091723680
