18

C 0.027721200 -0.568537831 -0.555900216
H 1.722804070 -1.942537785 -0.074345388
C 0.196520895 1.616941094 0.702589452
H 0.724234998 -1.443484306 1.359776497
C 0.636310458 -0.240947291 -1.872538924
C -0.456301808 -1.995970607 -0.432268560
H -1.384297252 1.030254126 -0.603022754
N -0.390467107 2.419860363 1.636651754
H 1.226058125 -1.086931944 -2.303784132
H -1.252700806 2.175648928 2.085931063
H 0.175107241 3.151776552 2.041426182
H -1.377024889 -2.147560835 0.127893373
O 1.338657975 1.765416503 0.337284297
O 0.500860810 0.785913587 -2.465128422
H -1.359365582 0.145640716 0.915102243
C 0.762761891 -1.581630707 0.288850993
C -0.729230940 0.546600580 0.121657260
H -0.361648858 -2.630451202 -1.310174823
