25

N -0.911139607 -1.104819179 0.365755796
H 0.472523659 -1.978358507 -2.643020391
H 1.413356185 1.759152293 3.307326078
H -0.187211812 1.371753097 1.427639127
C -1.266553521 0.058666311 -1.911395550
H -1.759022951 -0.698487759 0.683708668
H -0.515907288 0.270455539 2.752912045
C 0.325569987 -0.669078469 1.046089053
H -1.720154762 1.701626301 -0.554007411
C -1.308935523 1.547661185 -1.557084322
H -0.895297229 -0.049005318 -2.935846567
H -1.930554628 2.098182201 -2.260736704
H 0.833387434 -1.500607014 1.550733447
H 1.946510792 0.080849685 3.225693226
H 0.045458719 -2.964588881 -1.210691452
H 1.515117764 0.517832577 -0.512023628
C 0.356670588 -1.971131444 -1.543301821
H -2.281873941 -0.348802805 -1.921190619
C -0.415935874 -0.788820148 -0.977408946
O 1.596632838 -1.542126775 -0.918196321
C 0.953105271 -0.391143411 -0.354880571
H 2.291316509 1.174377322 1.892787337
H -0.317757428 1.997322917 -1.575008869
C 1.549606800 0.917252183 2.644457817
C 0.211087719 0.511837840 1.977690220
