13

C -0.566788673 0.119003028 -0.443884671
H -2.648222923 -0.290922910 -0.788442254
H -0.512237072 -2.049509287 -0.158073366
H 2.908972263 1.068158031 2.055438042
O 1.119015574 1.219310760 0.575295746
H -1.621237278 -0.470352232 -2.214664459
N 0.985599041 -1.152574778 0.864718735
C -1.789131045 0.129395455 -1.311729074
N 0.000106185 1.231622815 -0.206102744
H -2.013852358 1.151502848 -1.620069742
C 1.600492597 0.046483263 1.176522970
C -0.033840686 -1.117656350 0.092799611
N 2.571123600 0.115538858 1.978191376
