18

O 1.193367124 -1.248484254 -2.830462933
C -0.997511208 -0.307729751 1.084119916
H -1.213760495 0.779745340 -1.342738867
C -0.554418743 -1.395480514 0.050606314
O 1.208997011 0.072751962 0.450852603
H 0.456788927 1.891450524 2.443724155
H -0.783530772 -0.599148512 2.108782291
C 1.390511632 -1.238261104 -1.658692837
C 0.505128920 -0.550010622 -0.678204238
H 0.433168948 1.533317089 -1.418330908
C 0.076515660 2.063849688 1.403635263
H 2.257006645 -1.760030746 -1.195770621
H -1.369635105 -1.707835674 -0.611660242
C -0.053017706 0.813820899 0.585308075
C -0.206232220 0.793263078 -0.927216530
H -2.038864136 -0.027624272 1.008002043
O -0.183177814 3.163453817 0.997945666
H -0.121336631 -2.277047396 0.530100644
