15

H 1.829430938 0.031760052 -1.124802947
C 0.515678167 -0.565418839 0.546147466
H -2.621975660 0.018023895 -2.142463923
H 1.082337022 -1.508433223 0.498587608
C -1.335779667 -0.339110255 -0.867752790
N -2.517603397 -0.500253201 -1.254592896
C 0.576622903 0.002978955 1.944626689
H -0.003315654 0.927684963 2.013363838
C -0.236669019 0.483387768 -1.484826207
H 1.194609642 1.382369280 -0.192959726
H 0.169756085 -0.712738574 2.667093992
C 0.961017847 0.396097511 -0.569625974
O -0.352139443 1.086725473 -2.509563208
O -0.872379839 -0.921553075 0.260602623
H 1.610410213 0.218479112 2.216164827
