19

C -2.296095371 -0.796617329 0.092011809
C 1.024159431 -0.024036866 -0.718757153
H -2.273238897 -0.935633898 1.169168949
H 1.895474911 0.937909961 2.873452902
N 0.859952748 -0.321591586 -2.065830231
H -0.470115900 1.013419628 2.130561829
H -1.519546986 0.586399913 -1.394021273
H 3.142118931 -0.334665924 -0.826408863
C 1.616110325 0.665280521 1.853311419
H -3.339243650 -0.678081393 -0.210827082
C -1.463918924 0.438877732 -0.309903920
H -0.083814554 -0.510061800 -2.355696678
H -1.925011635 1.325394630 0.131834656
H 1.503968120 -1.003053427 -2.433308601
H -1.894492269 -1.691394448 -0.371811688
N 2.625410557 0.288544446 1.059954762
C 2.319554329 -0.036265228 -0.177237585
C 0.312095106 0.709564984 1.429483891
C -0.033365771 0.366009921 0.124023408
