27

C 0.127925470 -0.690427601 2.379334211
H 2.218176365 0.872407496 -0.785279334
C -0.653601110 -1.632363200 3.284689426
C -0.810627043 1.129078865 -3.729995489
H -1.453568578 -0.565802276 0.954468369
H -0.244146183 2.229121208 -1.964421749
C -0.036484033 1.257664084 -2.411350965
H -1.482313871 0.152329907 -1.278051853
C -0.401074201 0.151740760 -1.411580205
C 1.777009130 0.140412763 -0.097627334
H -0.258403957 -1.616678357 4.305147648
H -1.698224068 -1.339644313 3.326953888
H -0.530889571 1.925711274 -4.426620960
H -0.149346381 -0.819142163 -1.856543541
H 1.035642624 1.240678668 -2.625507355
H 0.387931496 0.693677723 3.720023870
H 1.185423374 -0.994773984 2.393987894
O 0.010946739 0.649004996 2.820126772
H -1.881567240 1.178058743 -3.567919970
C -0.372355640 -0.734172404 0.937936306
H -0.593172729 0.176484540 -4.230463982
H 2.246540070 0.310703546 0.878109217
H -0.220058665 -1.750448108 0.559992075
H -0.592130721 -2.659830809 2.929608107
C 0.263005674 0.276920080 -0.028222440
H 2.072933912 -0.854399025 -0.443139851
H 0.052429661 1.273687720 0.366347939
