22

C -0.251360476 2.351413488 -0.188840315
C 0.884700119 -0.835871041 1.371891856
H -0.414340228 0.190766439 -2.109465122
C 1.248159766 -1.357923388 0.004593809
C 1.062525868 0.140499711 0.239856660
H 1.954996347 0.764567673 0.188248634
H 1.557643890 -0.929722369 2.222283125
H 0.427813768 -3.279999256 -0.510603905
H -1.976311564 0.652488947 -1.391065359
C -0.276729524 0.821453750 0.038823213
H 0.451909482 -2.119360924 -1.859243393
C -1.078840852 0.321640074 1.263752222
H -2.122774839 0.111027651 1.042301178
O -0.463787585 -0.881432235 1.711987257
C 0.292276233 -2.229184866 -0.778907537
O -0.582235575 2.210498333 -1.575307250
H -1.032045484 1.093998790 2.054294825
H 0.697306752 2.856891155 -0.027438903
H -0.736682534 -1.961135507 -0.570418119
H -1.041243315 2.891347885 0.360983998
H 2.282339096 -1.637108326 -0.108024843
C -0.883318782 0.825144231 -1.379702210
