19

H 1.826344967 0.836543679 -0.008434016
H 1.252909780 -0.570808113 -0.885421753
C -0.023365751 1.378981471 -2.348110914
C -0.116830751 1.082289934 -0.872210085
H -1.032577753 -0.570720732 -2.028813124
H -1.118561506 -2.177285910 0.896326363
H -0.286633879 2.352966309 -2.700506687
C -1.106689930 0.479914576 -1.821785331
H -0.739089131 -0.984338999 3.622207403
O -0.000727561 0.469635367 2.167471409
H 0.787319839 0.923230290 -2.900018692
C 0.438783377 -0.350728601 1.027545094
C -0.470863849 -1.496024251 1.355484247
C 0.932807565 0.237969950 -0.222265393
C -0.286438376 -0.839017570 2.678947687
H -0.471342534 1.916247845 -0.273367524
H -2.127145052 0.862905085 -1.819268823
H 1.665157795 -2.089854717 2.179980516
C 0.876942754 -1.461905837 1.952238917
