21

H 1.378757477 1.110363960 -0.101524465
C -0.409450948 -0.179663196 0.046071526
C -0.621392012 1.424218893 2.641414642
H -1.092326283 -0.436657846 -2.644723177
H -0.322609961 -2.019867182 -2.739997149
H -0.047479339 -1.665771604 1.323766470
O 0.850605607 -0.537126541 -3.402153730
H -0.632135034 2.276508093 3.334592581
H 1.098942518 2.483145952 1.694013238
C 0.371409744 1.674085975 1.580717564
H -1.630812168 1.286283374 2.248797894
C -0.144072950 -0.959568202 -2.488140583
H -1.313341975 0.303289443 -0.359311432
C 0.317661822 -0.864244282 -1.081444502
N 1.461088657 -1.383110166 -0.754538476
C 0.508212388 0.908480644 0.491599351
H 1.018712521 0.397602648 -3.204414129
H 1.999036193 -1.518298268 -1.599341750
H -1.543246388 -1.725598097 0.702275515
N -0.848428845 -1.091314197 1.094209552
H -0.399131119 0.517240345 3.218131304
