19

H 1.062561631 -0.009737579 1.611419320
C -0.852978170 0.563460708 -0.462831378
H -1.680423737 -1.325151205 -1.381049156
H 0.519658387 -2.552362919 -1.357430816
O -1.220374942 -1.194950581 0.674459636
H -1.934252501 0.581902862 1.468814611
H 0.258940846 1.427241683 2.256518126
H 0.529143631 2.240253925 -0.489923537
C -1.005666256 0.164517388 1.030386090
H 2.563678741 -1.194714546 -1.028001785
H -1.716229916 1.090973735 -0.845475137
O 1.609124064 0.546635926 -0.690994024
C 0.129104584 0.371073663 2.024183512
C 0.396569014 1.267316818 -0.954500675
H 0.313336194 1.435532212 -2.046770811
C 0.450314760 -1.511908531 -1.067619681
C 1.562744737 -0.789196372 -0.961219251
H -0.097055994 -0.164027214 2.943169832
C -0.888194919 -0.946859419 -0.723135710
