25

H -1.440242171 0.074902415 -0.249882847
O -1.190626740 -0.171841517 2.249722481
H -0.523180664 -2.841504335 -2.388857365
C -0.219083339 2.234154940 0.688032508
C -0.419484109 -0.250478625 -0.015516882
H 2.406121254 0.241405234 -0.427615106
H 2.427999496 1.787573695 0.427549183
C -0.913200855 -2.252725601 -1.568522573
H 0.857918739 2.774617910 -1.186900139
H 1.017391562 -1.658217907 -0.842187464
H -1.237398624 2.141405344 1.026006222
C 1.919854283 0.812772334 0.368330747
H 0.323925853 -0.550882816 -1.999131680
H 2.099578857 0.300537139 1.311281204
H -1.071536541 -1.934240699 1.162351251
H 0.479418576 -1.267695785 1.674742818
H -0.775292933 2.044537783 -1.461945653
C 0.442429066 1.009341121 0.099780351
H -1.858320117 -1.800222158 -1.901166320
C -0.508898854 -1.005033493 1.315696120
H -1.167040229 -2.942539930 -0.769084275
H -1.188946128 -0.611276388 3.101622343
H 0.398587406 2.885199308 1.302847981
C 0.063289687 2.160193682 -0.788782775
C 0.076736361 -1.179980874 -1.128370166
