18

H 1.327558160 2.281645298 0.085302509
H 1.926720142 0.018858038 0.910716355
H -1.149856091 -2.154998064 0.324643224
H -0.616586387 -0.103998505 -1.960157514
C 1.073361516 0.077022023 0.234518424
C 0.802880585 -1.196257710 -0.586168826
H 0.822785378 1.542735577 -1.442135453
N -0.784381926 -0.339549690 3.358901501
H 1.532282233 -1.992784739 -0.719242334
C -0.372186273 -0.022206344 0.826676071
C -0.614460647 -0.198422804 2.239745140
H -0.566504359 -1.905695558 -2.117636681
H -0.914568663 2.120204210 0.987301767
C -0.609238684 -1.295191050 -0.032870382
C 0.738076210 1.469301820 -0.350164980
C -0.706260145 1.376411319 0.224185064
H -1.514768720 1.368589520 -0.496364444
C -0.374852419 -1.045663238 -1.487249494
