18

C 0.473608524 -1.269432068 -0.922788382
H 0.683706224 1.661839247 1.979120016
H 0.738249719 0.486071110 3.325037241
H 0.226440996 -0.056043435 -2.594400406
H -0.714405656 0.622716069 2.304722071
O 0.948014736 -0.344927371 1.484236956
C 0.380735725 0.669719815 2.313263416
O -1.804273009 0.805600941 -1.604049921
N 0.934677660 -0.317602336 -1.903125167
H 2.123176336 0.982136667 -0.674656332
H 0.766313255 -2.313575983 -0.970144689
H 0.475464553 1.644290924 -1.038477898
C 0.539311290 -0.258731633 0.184018195
H -2.949247122 -0.465360910 -0.531375229
H -1.133842111 -1.606512308 0.531083405
C -1.932507873 -0.120204635 -0.824739099
C 1.065091848 0.742810428 -0.854547322
C -0.820514917 -0.862794042 -0.203176439
