25

C -0.293010622 1.579615355 -0.987934709
H -0.066633180 -1.759724855 -0.883882284
H 0.142381340 2.454345226 -0.477109313
C 1.626637220 0.059706841 -0.339997768
H -1.376453996 1.692755580 -0.902754128
C 0.098936290 1.637019157 -2.466205359
O -1.607258081 -1.257611275 0.402815670
H -1.325750709 -0.722118378 -1.547764182
H -0.260716349 0.771287143 -3.019315243
H 0.714111269 -2.232579470 1.507686973
H 2.197730541 0.963004887 -0.084676728
H -0.318321496 2.540734053 -2.935073137
H 1.956919312 -0.740597427 0.310817897
H -1.812660813 -0.714666545 2.330689907
H 0.570797622 0.636296332 1.936827898
H -0.674980223 -2.897950888 2.329937935
H 1.184421897 1.671931028 -2.586899042
C -0.095279053 -1.993280888 2.185758352
H -0.984049499 1.271186352 1.409687638
C 0.108710654 0.312680572 -0.209533513
H 1.888410926 -0.218936950 -1.369795561
H 0.322241068 -1.692901492 3.146237135
C -0.990763903 -0.876229107 1.623519897
C -0.287460268 0.439812601 1.285125375
C -0.717959702 -0.923776627 -0.658163846
