14

H 1.517422318 0.608600020 2.005507946
N 0.339560300 -0.603939474 -1.026476264
H 2.379566431 -0.555430889 0.915141165
C -1.289213419 0.814062834 -2.378063917
C 0.332357973 -1.225477099 1.512459874
C 0.275795847 -0.258011699 0.390089303
N -0.744556069 0.714234829 0.120838352
H -1.981356978 1.655610323 -2.121696711
H -0.331204474 -1.091475725 2.349437952
C -0.574762642 0.337284863 -1.220645308
O -1.167706132 0.383723378 -3.497847795
H -0.750870764 1.677230597 0.381362736
C 1.444109559 -0.201465473 1.299326777
H 0.550858438 -2.254946470 1.270566225
