15

O -1.387100697 -0.850164831 -1.541653752
C -0.194414288 -0.109742984 0.630840242
C -0.490897208 -0.112406269 -0.853240371
O 0.761210442 1.653402805 -0.718503892
C 1.039397359 0.244576350 -1.014508843
H 1.502409935 -1.438742638 0.317919791
H -1.672195077 -0.358058691 -2.321607351
C -0.458300829 1.219101191 -0.169122070
H -0.799563110 -0.074751750 2.562969446
N -1.048283339 -0.484585911 1.681237817
H -1.077663302 -1.494679928 1.782348275
H -1.218927145 1.927139044 0.135226876
H 2.046797276 0.139940560 0.991801143
C 1.300909758 -0.364042163 0.374988407
H 1.696619987 0.103015125 -1.858695745
