22

N -1.209573507 0.554759383 0.569713533
C -1.914324641 0.601231992 -0.707274556
H -3.885016203 0.328123659 0.156855956
H -1.320789814 0.178523406 -1.515622497
O 3.175864935 -1.776417494 -1.353100061
H -1.127229691 -0.401910365 0.900653362
H -3.112204075 -1.170240521 -0.368480831
H -3.785821676 -0.074986786 -1.562208652
C 1.750592470 -1.199298978 1.116998196
H -0.086864367 2.264365673 0.364976853
O 0.990898073 0.752724469 -0.367546558
H 0.939301789 -1.073570013 1.818100452
C 2.562232971 -0.749976814 -1.277099609
N 2.829895735 -0.205424830 1.100403428
H 2.072534561 -2.228251696 0.956647933
C 1.902834654 -0.246852234 -0.029600363
H 2.416892052 -0.077447809 -2.153210402
C -3.256366491 -0.105256259 -0.613932490
C 0.063763954 1.212809205 0.610693455
H 2.601395607 0.598621726 1.699021816
H 0.461624593 1.160533547 1.623058081
H -2.069639921 1.657940388 -0.969046891
