16

H -0.528695822 1.669786453 0.911401093
H -0.292252094 -0.304879397 -2.343626738
C 0.401035339 1.166900635 0.716933370
H -0.996924222 1.230002165 -1.846493244
C 1.368830204 -1.069419026 1.463937998
C 0.652905047 0.492663860 -0.580528557
C -0.568697810 0.291790515 -1.469288111
C -1.564500093 -0.457861871 -0.558164239
H 0.970881581 -2.001407623 1.925172091
O 2.501848936 -0.699075103 1.635969639
H 1.272909164 1.580708146 1.220428228
H -2.277485609 0.237232357 -0.096115336
H -2.132838011 -1.221158266 -1.081352949
C 0.362270266 -0.347445726 0.660421193
O -0.796209872 -1.085068941 0.463461757
H 1.626923084 0.517232060 -1.022157192
