21

C -0.541900873 0.988772810 0.983752310
C 2.106045485 0.692333877 0.700592220
H -0.810762227 -1.945222020 -1.671936750
H 0.707241535 -1.112241030 -2.012920380
C 0.227909446 -1.128211498 0.107216083
C -0.195811465 -1.095945835 -1.387451410
H -1.520752907 -2.227111340 1.068019032
H -1.989629865 0.170954511 -1.350890994
H 2.229461193 1.777654171 0.812382162
C 0.671200275 0.352038443 0.357383519
H 2.413878202 0.232930005 1.632163525
H 2.791214228 0.364462703 -0.078541264
C -0.233699769 1.163977981 -0.506168008
H -2.342939615 0.043761466 1.988425255
C -1.439009190 -0.111842871 1.396056533
H 1.021951556 -1.850828171 0.296392858
C -0.916246355 0.265841872 -1.534389615
H -0.438621193 1.884192944 1.594335079
H -0.801374435 0.663157761 -2.552693605
H 0.052820347 2.156187057 -0.812120676
C -0.990973890 -1.284863114 0.970394611
