17

N -0.345758349 -1.190615535 0.040120546
C -0.061075393 0.224098116 -2.635819435
C -0.566797197 0.193935409 -0.372153640
H 0.021071237 -0.863619208 -2.663890839
C 1.521444559 0.106041543 1.204837203
O 0.260017306 0.714134157 -1.338609934
H 2.061501503 -0.058915503 0.275168359
H 1.722624302 1.112628222 1.558380485
H -1.578436255 0.570429564 -0.370177865
C -0.871547759 0.066737339 2.133680582
O -2.073483944 0.046883408 2.034054279
H -0.367182642 0.191816121 3.113961458
H 0.658073485 0.650519192 -3.329206944
C 0.045532890 -0.115185313 0.954748452
H 1.889117241 -0.592424691 1.957490206
H -1.241858959 -1.578768730 0.365750343
H -1.073241830 0.522305727 -2.928333282
