21

C -0.342058361 0.911744952 -0.677280009
H -1.273251772 -0.992671132 -0.568028569
O 1.248832822 -0.620996296 1.499214172
H 0.485241324 2.621342421 -0.251327842
C 0.686137319 -1.073547959 0.283426762
H -1.237774014 1.318575501 -1.177544236
O -2.720856667 0.364946812 1.032490849
H 2.483104467 -0.266783774 -0.612540305
H 2.136433125 -0.990910769 1.564441800
H 1.742051721 -1.503403544 -1.607267141
H 1.328999281 1.264314055 -2.072715044
H -1.564258099 -1.139390826 1.885681510
C -0.666538775 -0.365500748 0.102806672
O 0.200355470 1.844465733 0.240214720
H -0.895845771 0.503553808 2.044349670
C 1.522412419 -0.654473186 -0.955104947
H 0.546486497 -2.156830549 0.305617958
H -3.143824339 0.665988088 1.844131589
C 0.713653326 0.436189979 -1.700610518
H 0.210983455 -0.000237230 -2.560572624
C -1.460283399 -0.166375637 1.380615711
