17

H 0.688696802 1.802350521 1.978714108
H 1.508019447 0.528097272 -1.455305457
O -0.905792356 -1.115846157 -2.033452511
H -1.790784121 -1.375288010 0.594684422
H -2.170669556 0.933844209 -0.748168886
C 0.049269058 -0.330156118 1.448155046
C 1.293740749 0.055716261 0.672209084
C 1.114952207 -0.268568605 -0.802595139
H 0.057834212 -0.818204701 2.413823605
C 0.378607929 1.113761306 1.210097551
C -1.008025289 -0.656720996 0.412218869
C -1.227107644 0.639188528 -0.313026756
H -0.922834039 -0.550534666 -2.798905849
H 1.604887962 -1.199354291 -1.068050027
C -0.388893276 -0.430504709 -0.950762689
H 2.271497488 -0.028278362 1.120461345
O -0.553399563 1.700498343 0.319902956
