16

H -1.070011973 -1.611570001 -0.076572746
N 0.889311373 -0.478334695 0.235054851
H -1.466986895 1.280277729 -0.852253914
H 2.246242523 0.223221049 -1.221584678
C 1.377079725 -1.570260167 -1.865441203
H -1.902502537 1.330602050 2.492511511
N 1.446775436 -2.575362444 -2.409971476
C -0.588213623 0.677730918 -0.618561268
O 0.239654899 0.507392824 -1.753518224
H 0.962444127 1.716054797 0.890192747
H -0.346877456 -0.370868593 2.355957747
C -0.747509778 0.151209638 1.485625625
C 0.304710448 0.887040555 0.615778685
C -0.634890914 -0.650305629 0.179148704
O -1.984679937 0.770253420 1.711539030
C 1.275454402 -0.287081420 -1.167905211
