18

C -1.042533159 1.046384335 0.411206901
O 0.995578647 1.324397206 -0.714274406
H 0.193478331 -0.717712164 -2.261508942
H -2.074126005 -1.264813542 0.388828993
O -2.189548016 1.221777558 0.726068735
H 1.093264461 -1.958827019 -1.395505548
C -0.041066404 2.062824726 -0.096581809
C 1.064552665 -0.895763040 -1.627288580
H 1.851047516 -0.284778684 0.258556575
H -1.110359073 -0.679364562 2.437721729
H 0.345158100 -1.705868244 2.004976273
H 1.961143374 -0.631252348 -2.199102163
C -0.300529212 -0.260303080 0.422394246
C 0.975433171 -0.066033609 -0.367777646
H -0.485704362 2.749100208 -0.818863750
H 0.332522660 2.641266108 0.766199946
N -1.082874537 -1.493507028 0.406447709
C -0.485437781 -1.087526560 1.658501863
