16

H 2.531360149 -2.105430841 -1.786877751
O 1.499577403 1.646219969 0.047540154
H -2.891436100 1.225726724 0.423699349
C 1.820156217 -1.499778032 -1.283369541
H -1.837650061 -1.066058993 0.413717210
N -1.329528451 0.536902666 1.740123510
H -0.062646873 -2.549188614 -0.997904181
C 0.537521780 -1.668787956 -0.853556931
O 2.233865261 -0.235114470 -0.933021605
C 1.218798757 0.361075491 -0.294525683
C -1.818430305 1.145461440 0.504083037
C -1.178713918 -0.202732652 0.464743108
H -1.264446259 1.974858522 0.067716613
C 0.128500611 -0.463632882 -0.187571630
H 0.840830088 1.982681870 0.664751470
H -0.427758574 0.917797446 2.010452986
