19

H -1.507948637 -1.365581393 1.514619946
H -1.412138343 1.996002793 -0.539551914
C 0.542936504 1.415636063 -1.389629960
H -0.962411523 -1.445203781 -1.577479362
C -1.512256861 -0.286329597 1.367749691
N 0.797170222 -0.041467816 -1.514716029
H 0.152716339 1.765229702 -2.342846394
H 2.352833509 -0.906263292 1.068094373
H -0.072487362 2.187579155 0.584237814
H 1.066702962 -2.096484900 1.315211654
H -1.197288632 0.172186375 2.293571711
C -0.465431780 1.563757539 -0.216429800
C -0.419761509 -0.723124325 -1.030593276
C 0.645642698 -0.610970795 -0.178384945
H -2.553005219 0.007783298 1.180928349
H 1.489772677 1.915400863 -1.191565752
H 2.096789360 -2.168152571 -0.122717336
C 1.591011047 -1.494016647 0.561624825
C -0.632844746 0.114018895 0.217876241
