23

H 2.241720915 1.110340714 0.489617854
H 1.612016320 -2.593208075 -4.189822197
H -2.849048138 0.761265159 3.647598505
C -1.530867696 0.532215297 1.992142320
H -0.663330257 0.871136069 -0.482593924
H -1.880890012 2.192989588 3.313454866
H 1.198540807 2.460079908 -0.001907540
H 1.270388603 -1.264390588 0.538733244
C -1.861774325 1.111565948 3.353295565
H 0.833037436 -1.084598184 -4.635107517
C 0.162523568 0.575739622 0.172962412
H 0.439380854 1.041375756 2.209060192
H -0.477328748 -1.476480722 0.385973096
H -1.126374602 0.827333689 4.092851162
O -2.313290358 -0.158305496 1.359394908
C 0.740603089 -1.979567409 -4.010694027
C 1.398337841 1.402777433 -0.157412097
C 0.519613743 -1.317834735 -1.431309223
H -0.138463765 -2.517915010 -4.344968796
H 1.693290591 1.229173303 -1.193983793
C 0.626556873 -1.612025023 -2.597209692
N -0.272319645 0.847649693 1.533869982
C 0.377676606 -0.959316969 -0.043945417
