17

C -0.695066750 -1.128944635 -1.999993443
H 2.061308384 0.577851176 0.822110534
N 0.036019035 -0.599427640 -0.998119771
H -1.081614017 2.274054050 0.559377432
O -1.445384264 -0.487280220 -2.730201483
H 0.293470562 1.425358772 2.369204998
H 0.450396627 1.493344665 -1.265279055
H 1.817810774 -1.629204392 -0.349772811
C 0.134466335 0.772585571 -0.514938295
H 0.395549655 -1.923575878 0.685927689
C -0.030083319 0.656167686 1.666885138
C 0.881139159 -1.186198115 0.042697366
H -0.567685843 -2.224789858 -2.083461761
C 1.050472856 0.231029510 0.652902365
C -0.927656353 1.200489283 0.509242713
H -1.907022834 0.721893847 0.384306848
H -0.466120154 -0.173354059 2.249112129
