23

H 0.309562325 -0.551434398 -2.855329037
O -0.393505394 -0.880578816 0.940267980
H 0.810440183 -2.568005562 -0.807507217
H -0.420649797 3.062563896 0.689977407
H 1.617359877 2.165091038 2.518831253
H 1.037595034 0.496340096 2.701051950
H 0.714051545 1.024595618 -2.173115969
H -2.012880802 -1.628997803 -0.153026417
C -0.554565907 0.454001635 0.435163170
O 0.335688502 2.681468010 0.219599813
H 1.383533120 -0.429345131 -1.472142220
C -0.257110834 -2.702736855 -0.709532619
C -0.715081871 -0.085278824 -1.004545689
H 1.495684266 1.044191122 0.310314745
C 0.579006135 1.397026777 0.794245601
C 0.495859295 -0.005270906 -1.923755884
C 0.789961994 1.478510976 2.292224884
C -0.947319388 -1.434031367 -0.277887225
H -0.428312987 -3.485014200 0.044308674
H -1.485541105 0.894612193 0.811342299
H -0.660071790 -3.074567556 -1.649087548
H -1.595279574 0.305151910 -1.522376895
H -0.098422937 1.841709256 2.790978909
