17

H -2.778570175 -0.331393331 -1.215879440
C 0.783342898 1.057746887 0.553776801
H 1.664058447 -1.837434649 0.344226032
C -2.272053957 -0.672174692 -0.325254321
H -3.009183407 -1.220952392 0.285684556
C 1.954833746 0.290528059 -0.068165191
H -0.036729690 2.440826178 1.500081062
N -1.724108458 0.444452673 0.445086956
N 0.905556440 2.155936956 1.193329811
H 1.699967265 -1.505082369 -1.375077128
N -0.353654474 0.308362931 0.292367429
H -2.041636944 1.372217774 0.158015221
H 2.781502008 0.262467146 0.612608969
C -0.092137299 -0.893068910 -0.347661763
C 1.372223854 -1.111840725 -0.412055194
H 2.284409285 0.796714604 -0.976822555
N -1.137820482 -1.557306409 -0.664261222
