18

H 0.728182912 1.924972296 1.446810603
H -1.739121318 0.362712771 -0.826062500
H 0.550151408 2.290865660 -1.052582979
N 0.172196016 -1.868796229 -2.705280542
C -1.248186350 0.358648032 0.150704160
H 1.904487014 1.111498833 -1.308801889
H -1.595218182 1.236968875 0.698936999
H -2.396851301 -1.462948799 0.548630774
O -0.362170845 -1.793489218 0.650804341
C 0.334855944 -1.559107304 -1.614856243
C 1.069937468 1.405276775 -0.695785046
H -1.567678809 -0.807018340 1.979943752
C 0.545410633 -1.133989930 -0.198100463
C 0.261963129 0.347842038 -0.033755235
C 1.179383636 1.195076823 0.794957340
C -1.500491619 -0.959940672 0.900221407
H 1.567159534 -1.402300000 0.092131421
H 2.095990658 0.753729939 1.172083974
