20

H 1.713891387 -1.437544584 0.540254891
H -0.212255597 2.272678137 -0.933044255
H -0.666735351 -2.371696949 -1.180549979
C 0.771471560 -0.887350619 0.675521791
C -0.859708488 1.788105726 -0.182024539
H 0.622182906 1.750766993 2.846167326
H -1.547031522 0.315017790 -1.562805295
H 1.020683169 0.181398332 -1.145216703
N 1.023672104 0.152124211 1.659551978
C 0.261592120 -0.461931229 -0.701043665
H -1.717714787 -0.177769244 0.111154690
C 0.376330763 1.355108261 1.852192640
C -1.046593070 0.328263581 -0.591305256
H 0.063331425 -1.625315666 1.094275355
N -0.350566000 2.114977837 1.124707460
H -0.201775029 -1.414656401 -2.599377394
H -1.824570656 2.295839071 -0.263757378
C 0.100035071 -1.699786901 -1.583498836
H 1.453327775 -0.210047364 2.491620779
H 1.020432591 -2.268181086 -1.652823329
