17

O 2.582204342 -0.811454833 -0.668785512
H 1.202221751 0.136198863 -1.858920097
H -0.789942682 0.139888138 2.260461807
O -0.752596974 -1.447504401 -1.366162777
O 1.694120049 1.556762099 0.896910787
C -1.315130115 0.602502346 1.430714130
H -2.269876242 0.098582163 1.290174603
C 0.993819237 0.929709017 0.166374356
H 3.048984766 -0.357722521 0.044309493
H 0.243695676 -1.582173944 0.458722711
H -1.498515844 1.644975662 1.676358223
H -1.548860669 0.498796016 -1.424056768
C 0.045940407 -0.882683814 -0.353219032
O -1.115603209 1.193223357 -0.927214265
H -1.384200335 -2.056384802 -0.968151391
C -0.492913485 0.532649338 0.162863895
C 1.356654048 -0.195362464 -0.820380032
