16

C -0.403565586 -0.707961380 -2.143521309
C 0.696077526 -0.067832813 2.761175156
C -0.115530476 0.745585024 -2.192751169
H -1.286112070 -1.094384193 -2.664126158
C -0.295829535 0.001455209 1.634505033
O 1.484890580 -0.248823673 0.065671459
H 0.921080947 1.044859529 -2.179239035
C -0.645104229 0.122777730 -0.910580516
O -1.492883205 0.112857923 1.784807920
H -1.667492986 0.317686677 -0.628032982
H 1.478024483 -0.796862543 2.550009251
H -0.798703253 1.397465467 -2.726700544
C 0.294350207 -0.050945763 0.212316990
H 1.217416763 0.906646967 2.846737146
H 0.183565900 -0.294473886 3.698553085
H 0.429815114 -1.388050199 -2.108824253
