21

C 0.340843618 0.542211354 -1.973144412
O -0.062307727 -1.944054127 -1.111338377
O -1.828968048 -0.165643439 0.018779416
H -0.458313763 1.191008925 1.989404321
C 0.242309183 -0.611199856 -0.976327896
H 0.466704309 -1.733393669 1.731994271
H 2.200806379 0.477130890 -0.676558018
C 1.574684858 -0.085978225 -1.351141572
C -0.069931909 -0.928616285 2.230183363
H -1.022579908 -1.988315344 -0.989636123
H -1.113236070 -1.224324107 2.320747614
C -0.297866672 1.493790388 -0.948513210
C 0.059212040 0.380201012 1.457202554
H -2.376298904 0.447178155 0.507257700
H 1.115872622 0.695789635 1.410484314
H 0.345751017 -0.821644187 3.246955633
H -1.262178898 1.875104904 -1.274245143
H 0.178151175 0.559517682 -3.041140318
H 2.110383511 -0.758659363 -2.011054039
C -0.481164128 0.290741086 0.040425584
H 0.338127494 2.309155226 -0.600335956
