20

C -0.095678769 1.353470802 -0.238976762
N 0.908964217 -1.372900724 -0.689350188
H -1.289676309 -0.156651571 0.704252779
H -0.507630050 2.304555893 0.117739327
H -0.982604563 1.577439547 2.425593376
H -1.748053312 -0.694412649 -1.408029914
H -1.192351222 -0.129340723 -2.975785017
H 0.977153063 1.514623642 -0.397419393
C -0.186168402 0.844897449 2.236512661
C -0.923350096 -0.204369605 -1.915946603
C 0.746565580 -0.847744703 0.654047191
H -0.253334492 0.074998409 3.004453421
C -0.290427059 0.262299240 0.814604044
O -0.745886564 1.129973650 -1.465720177
H 1.653468132 -2.059037209 -0.793692768
H 0.506255090 -1.679451227 1.322236419
O 0.639555097 -1.695721865 -2.889124870
C 0.288553357 -1.129206896 -1.877966046
H 0.771356106 1.360854387 2.377473831
H 1.723289490 -0.454276472 0.995098114
