21

C -0.691075146 1.137458563 -1.011672258
C 0.592390835 0.968953848 0.926306665
H -0.491948724 -1.609120131 -2.139629602
H -2.345508337 2.141942024 0.349554986
H 2.572538853 -1.182019591 1.290470243
H 1.801445484 -2.241156340 0.093540445
H 0.910753727 -1.727729678 1.522441626
C -0.344103366 -0.257066071 -0.464885682
C 1.627318263 -1.414551377 0.768987834
H 1.102128506 1.268616199 1.827634931
C -1.430117488 1.581380606 0.224092856
H -0.848168015 1.435315013 -2.048299789
H -0.769477904 -2.376888752 -0.578934252
C -0.936924756 -1.463890076 -1.155827999
H -1.254386902 -0.261342406 1.723992467
C -0.833176851 0.330879331 0.914367676
C 1.136050582 -0.171770856 0.026375547
H 1.860445380 0.127112895 -0.739153743
C -0.010358864 2.030628681 0.005399350
H -2.013724804 -1.345171094 -1.294929862
H 0.365901262 3.028419256 -0.239831463
