16

H -2.059313774 -0.189486653 -1.562394381
H -1.144441724 0.115243196 -3.051725149
C 0.148259506 0.134775013 -0.080233894
N -0.759820044 0.530342102 0.952945709
C -1.081217527 -0.267772824 -2.030604124
C 1.473104119 0.288436353 0.569630623
H 1.435046554 -1.577972651 -0.597826302
O 1.247765183 0.767352581 1.868108869
H 2.345421791 0.717130721 0.087651357
H 0.680398345 -1.735098958 1.064036489
C -0.095595449 0.948483467 2.074359417
H -0.790618241 -1.311582208 -2.058286428
H -1.706031919 0.784665108 0.802935600
O -0.102127954 0.515604436 -1.367970705
C 0.973653972 -1.089384675 0.245953530
O -0.564482689 1.369265079 3.083419800
