23

H 0.575775862 -3.625386477 0.852338552
H -1.513670206 -2.446604967 0.289941281
C -0.762168884 -0.421051502 0.227434009
C -2.080476999 -0.000862231 -0.427048981
H 1.623012066 2.581218004 -1.619072676
H -0.819309354 -0.200389281 1.293963552
C 0.489481986 1.830178142 0.088028088
H -0.426494241 2.355965614 -0.184292629
H 1.366263151 -0.108060785 -0.047456481
H 0.559004009 1.874203205 1.180852294
H 1.504345298 -2.140416861 0.777241647
H 2.625439644 2.111911535 -0.251523465
H -2.930737972 -0.522475660 0.023826640
C 0.424602598 0.362538546 -0.343469948
H 0.395590425 0.315913588 -1.451781034
C 1.677227139 2.581780195 -0.521102190
H 0.298518777 -2.341650963 2.038490772
H 1.710248351 3.619368315 -0.194914043
H -2.257742405 1.068508387 -0.329759747
H -0.328239381 -2.176839590 -0.966547310
C 0.513854086 -2.545922756 0.980348766
H -2.083473921 -0.230972126 -1.497578144
C -0.561049938 -1.940952182 0.082080983
