23

H 1.036177874 2.892096996 -0.090410143
O 1.117787480 -2.924678326 0.632275462
H -2.545913696 0.351276726 1.930043221
C -0.621040046 0.514865637 0.936955094
C 0.630058944 -1.764866233 1.283994913
H -2.210461617 1.961926341 1.263413429
H 0.855893850 2.332690477 -1.771824837
C 0.333647341 -0.242964223 -0.773943424
H 1.458180428 -1.131225228 1.633067131
H 1.001532435 -0.002855368 -2.789526463
C 0.055335540 1.002583265 -0.314386517
C -0.301373094 -0.919902325 0.426071674
C 0.367126793 2.374717474 -0.793387115
C 0.992119372 -0.752408683 -1.982668996
H 1.757205248 -2.634767771 -0.032072876
H -1.190423846 -1.512152672 0.152322590
H -0.084796429 0.757349074 1.862896085
H -2.663659811 0.629857183 0.202351704
H 2.047297955 -1.017032504 -1.797400355
H -0.542026639 2.971744776 -0.878646970
H 0.501436234 -1.660152078 -2.359666109
C -2.096099377 0.890347600 1.096407175
H 0.101994783 -2.116449594 2.164135218
