20

H 1.845808744 -1.441478968 0.033923648
C 0.428431988 0.275537342 2.264135361
H -2.031103134 1.384043097 1.458127141
O -0.033623982 -2.315948725 -0.558775246
C -0.374359637 -0.719111145 -2.398880720
H -1.320112228 -1.131713510 -2.762497425
H 1.307968974 -0.351615489 2.159026623
C 0.517042518 -1.751343966 -1.755394101
O 1.037784696 1.190355659 0.022629229
O -0.649062276 0.247316420 -1.369911671
H 1.157696247 -2.397364616 -2.358653784
H 0.672520041 1.091228604 2.961065292
C -1.154660106 1.848165154 1.006125808
H -0.859707177 2.700998306 1.622253418
C 0.902986705 -1.221912742 -0.443921179
C -0.023110274 0.848569453 0.940962911
H -0.376148939 -0.311369449 2.708650112
H 0.141535446 -0.234055936 -3.238337040
C 0.231045201 0.099895842 -0.304362059
H -1.420932651 2.189805508 0.013833245
