23

H 0.121903554 -0.148337126 2.136729956
H -1.487580776 3.269556522 0.313456923
C -0.737911701 1.866836548 1.850338697
H 0.702072799 1.216812968 -1.566751719
H 0.029323600 -2.446061850 -0.004472331
C -0.705380261 0.184103459 0.134019136
C 0.784157991 -1.803526759 -0.470961332
H -2.671613216 2.070993900 0.841128767
C 1.486038923 -2.544678926 -1.608101010
H -1.558191180 -0.454689682 0.405101329
C 0.059326950 0.632991910 1.377510548
H 1.513317704 -1.553270459 0.299774438
C -1.609276891 2.225252867 0.627933443
H -0.082624115 2.676956415 2.154986382
O 1.116771340 0.355824709 -1.443355083
H -1.360476851 1.632107377 2.720815659
C 0.117632240 -0.513202786 -0.956515491
H 2.226638079 -1.899791002 -2.071498632
H 1.978336215 -3.442498922 -1.243759274
H 1.072723150 0.908804119 1.080496073
H -0.578864038 -0.777703345 -1.763397813
O -1.184856296 1.393339634 -0.439760327
H 0.768532455 -2.849819660 -2.373718500
