18

H 1.346968293 1.998347878 -1.289676666
H -2.273743868 0.905985475 0.740961969
O 0.005956827 -1.503019214 0.510066211
H -1.407974720 -0.937777042 -0.885074675
H -1.975434661 -1.417050838 0.720671117
C -0.563746750 1.530477881 -0.375938654
H 1.670329332 -3.060235739 0.164647385
C 0.814300656 1.162674427 -0.838365614
H -1.212058902 1.609842062 -1.257439613
C 1.481689095 0.023598241 -0.764913738
O -0.688420117 0.724298596 1.943091631
H 0.083394006 0.165483281 1.998723507
H 2.479854584 0.000647060 -1.183424115
C -1.228768468 0.605310500 0.643241405
N 2.052474976 -2.199054718 -0.223541096
C -1.212360620 -0.852990329 0.189346015
C 1.166398644 -1.292716861 -0.162995517
H -0.538859069 2.536179066 0.070620812
