21

H 1.433858991 0.049924579 -1.697949529
C 1.114345551 -0.092197783 -0.683819234
O -2.010281086 -0.146235228 -1.329856157
H -3.591427803 -0.869822145 -2.335369587
H 2.513170242 1.414291739 0.041461069
H -3.224548817 -1.742969036 -0.825158417
H 3.295304298 0.277922750 2.129737854
H -1.356254458 -0.873814106 0.479704678
H -3.997194529 -0.151362643 -0.769235194
C 2.912633181 -0.289298981 1.290948033
C 1.987313747 0.548711538 0.443791181
C -3.259823322 -0.755727410 -1.305531740
O 0.355165601 1.401638508 2.147870064
H 3.764443636 -0.662812054 0.718479037
C 0.670871556 1.048166156 1.055951953
H -0.238053426 1.643230438 -0.822524011
H -2.124529123 0.708598495 0.540911376
C -0.118962876 0.743439317 -0.218620241
C -1.470786572 0.075516678 -0.056165319
H 2.387598276 -1.164821148 1.700124621
H 0.957156122 -1.162379980 -0.504750371
