19

H 0.286912858 0.601712644 2.685287714
C -0.452142864 1.164995909 -3.171465874
H -1.103845954 -1.464461565 2.075293779
H 1.218547940 -1.860699296 -0.068393283
H -0.761768818 1.597699881 1.643276572
N 2.123206139 -0.992415786 1.584851742
H 0.357474715 1.842822790 -3.455797195
H -1.311820865 -1.915382028 0.362858981
H -1.389269590 1.696247816 -3.294980526
C -0.138019383 0.292858452 -0.676400602
C 0.148691848 0.970143676 1.674757481
C -1.220094204 -1.074712992 1.053550124
H 1.004021168 1.598581791 1.411168456
H 2.862141609 -1.696254730 1.478225231
C 1.228437066 -1.103183150 0.722822487
H -0.442687750 0.331017584 -3.889716148
C 0.006431777 -0.193500847 0.686682165
H -2.126623154 -0.487874895 0.989250958
C -0.289592445 0.692404211 -1.811272502
