18

O -0.057885073 -0.360891998 -0.893566728
C -0.920362175 1.426310778 0.388218522
H -0.750095665 2.402876854 -0.085544705
O 1.334715605 0.631977797 0.576003432
O 0.064682588 2.286210060 2.450542212
C 0.987562537 -1.255184650 -1.362322092
H 0.861629903 1.852386832 2.100861788
H 0.929591894 -3.198901653 -2.380689859
H -1.173943162 0.613412321 2.368997335
H 0.342620671 -2.786148787 -0.449403912
H 1.416234612 -0.771746218 -2.256161928
H -0.655304492 -2.410517931 -2.137528181
H -1.911706805 2.201263905 2.126940489
C 0.358736545 -2.503305912 -1.736881375
H -1.847896099 1.019681811 -0.031422243
C 0.265733659 0.541872799 0.033116333
C -1.032395601 1.600487232 1.897213817
H 1.788081050 -1.289783120 -0.608372331
