16

N -0.382857233 -0.195023894 1.287411451
C 0.846939147 1.360598803 0.365114361
H 1.270438910 2.336749792 0.390349805
C 0.472163528 -0.709201157 -0.996653438
H -1.489886284 1.613009334 0.578085184
C -2.084096909 -0.953369677 -0.395914733
C -0.643500149 0.988413036 0.419491559
H 0.716520250 -1.769128442 -0.998715758
H 0.371464252 -0.374611437 -2.030412674
H 2.525946856 0.143731371 -0.503765702
O -3.017296314 -0.842031956 0.355498672
C 1.491358757 0.112861283 -0.236160129
C -0.737510800 -0.390716732 -0.150224775
C 1.100662708 0.156114265 1.211845160
H -2.171435833 -1.474418402 -1.366942644
H 1.731089115 -0.002976344 2.070993423
