16

N 1.933142662 0.439524531 0.285022408
C 0.681108415 -0.300669491 -0.426267952
C 1.223749876 0.964571059 -0.701359391
H -2.520515203 -0.082064718 -1.336687803
C 1.135659695 0.408776760 1.572037697
H 1.676683426 -0.137289703 2.335961103
C -1.605782986 -0.236931786 -0.781930089
H -2.167766809 0.435993731 1.179347515
H -0.171639726 -0.403173327 -2.456041336
H 0.911707163 1.401474357 1.938649178
H -0.027088054 -1.390277743 1.316905379
H -0.404128253 -1.897580385 -1.533345103
C -0.339722991 -0.807358682 -1.453573465
C -1.421968341 0.016980607 0.511883140
C -0.034709230 -0.387672186 0.915087938
O 1.131270051 1.975696802 -1.365689039
