16

H 1.691941500 -0.518472612 1.033797622
H 0.628584087 -2.622305870 -0.249764025
C -1.093564987 -1.220157981 -0.637371719
C 0.156013757 2.071120977 0.303965211
H -0.692994177 2.706545830 0.022842433
H 1.359689236 0.084263712 -1.676050782
C -1.323948145 -0.100989841 0.264676064
C -0.050012171 0.634393692 0.468166500
N -1.081660032 -1.532667637 0.702672005
H -2.293327332 0.327333182 0.449705034
C 1.054620266 -0.398881733 0.169567794
H -1.684834003 -1.636885881 -1.451920867
O 0.105523966 1.468003273 1.595393538
C 0.202661738 -1.640447378 -0.092795730
H 1.118779659 2.432049513 -0.008582176
O 1.902526617 -0.052900650 -0.894300878
