21

H -1.674858928 -0.942500234 -0.087199293
H 0.524423838 2.315833330 -1.268939495
H -3.233343840 2.510992527 1.489241481
C -0.086138681 -1.101560354 -1.529248238
H 0.823890805 1.634953380 1.084021330
C 1.605516195 -0.849335015 1.073333979
H -0.806054115 -1.493063450 -2.258136272
H -0.337451935 -0.524334192 1.886037707
C -2.301588774 2.108490705 1.213599682
C -1.235983014 1.653158903 0.894735456
C 0.311010361 1.292792559 -0.954754233
C -0.625928938 -1.261478782 -0.104552194
H 2.093199730 -0.289469063 1.871915460
H -0.602175593 -2.307427168 0.197703406
H 1.655853271 -1.907504320 1.315818667
C 0.058233570 1.086019635 0.525361121
H 0.454291910 0.558880448 -2.903668642
C 0.147674784 -0.403154820 0.919008017
H 0.807998717 -1.728527308 -1.653549671
H 2.172998667 -0.680691421 0.150557861
C 0.248431772 0.327924490 -1.861286521
