20

O 1.357164502 -0.651294112 -1.625402451
H 1.776610732 -0.373717844 -3.596942902
H 1.385065556 1.131399274 -2.702598572
N -0.329563200 1.415403605 0.940278649
H -1.653126597 0.145344913 -0.907160103
H -1.115936279 -0.203954950 3.185862780
H -1.633084059 -1.586110115 2.216441154
C -0.916891754 -0.459652692 -0.376658916
C 0.903938115 -0.423503667 0.871210814
C 1.131191730 0.062433865 -2.830404043
H 1.770617008 1.610161424 0.094964162
C 0.573664367 -0.219646409 -0.601895869
H 0.087972730 -0.005350415 -3.159769773
C -0.625142217 -0.057518847 1.093669653
H -1.163624406 -1.518851280 -0.467128068
H 1.621671438 -1.033595324 1.381401777
H -0.070045821 1.733049512 1.869105577
C -1.513679147 -0.496998847 2.212190628
H -2.517221689 -0.039269906 2.104353666
C 0.930419147 0.971671999 0.298481822
