21

H 1.689599514 -0.197070569 -0.214901432
C -0.814504743 -1.416691422 1.384252667
H -1.188874125 -2.278633595 1.896636009
C 0.141286522 -1.522956252 0.427107155
H 1.865397215 -2.821558237 0.284876734
H -1.489108205 1.850181699 1.462465763
H 0.343358666 -3.656916142 0.650999069
C 0.781481564 -2.821233273 0.080678031
N -1.380013227 -0.219203651 1.729376078
H 0.728461206 3.365223408 -2.096262217
H -0.811501265 2.482825518 -2.117837191
N 0.429014623 2.190879345 -0.397977978
C 0.248458400 2.422772169 -1.820306659
C -0.982523978 0.965764165 1.110629439
C 0.610901296 -0.290838450 -0.312204748
H -2.099869251 -0.188506991 2.420105457
C -0.047600098 0.994013965 0.156228274
H 0.126747251 2.973712206 0.129689038
H 0.690694034 -3.048430681 -0.975327313
H 0.443359613 -0.418624580 -1.393601656
H 0.715234518 1.635292172 -2.404623985
