14

H 2.135599613 -0.152621657 2.385641813
H 1.841725588 1.275393963 1.375200391
C -0.217833906 0.132015795 -0.148631454
H 1.630451083 -0.868257105 0.020895988
O -0.662491798 1.235300779 0.058096576
H -1.841827393 -0.851231933 -2.745220184
C 1.388647199 0.368675083 1.794544816
H -2.543197155 0.094866268 -1.415569186
C -1.642126799 -0.103533827 -1.989568472
C 0.839625537 -0.537661374 0.694881737
H 0.398936391 -1.441663504 1.103894353
O -0.610502005 -0.653136849 -1.156225204
H 0.595794559 0.681026578 2.471818209
H -1.312801123 0.820827782 -2.449759245
