23

H -0.641800046 0.528968275 1.744346738
H 1.032907605 -1.972385168 2.052880287
H 1.774256587 1.314316988 -2.542325020
H -2.701426744 -1.592036605 0.939890265
O 1.249176621 -1.314223766 1.394348383
C 0.124626167 -1.114378572 0.579209864
H 0.706694365 2.422232628 -1.691365004
H -3.086755276 -0.094316810 1.780214429
H -1.198639393 1.468258977 -0.487859130
H 2.439101219 2.503453970 -1.425492167
C -1.074723363 0.391353607 -0.384964675
H -1.802201033 -0.102191582 -1.014919758
C 1.612458706 1.818618774 -1.590690732
C 1.477134347 0.808945775 -0.452134848
H -0.275559008 -2.066905260 0.209863827
O 0.412440509 -0.848330557 -1.889182568
C -2.290545464 -0.830843687 1.615788102
H 2.416422606 0.261814803 -0.333015829
H -2.099617481 -1.324309111 2.572161674
C -1.032407880 -0.200649858 1.043121219
C 0.335994482 -0.189600408 -0.639299333
H 1.293412924 -1.206123233 -1.978045821
H 1.329048157 1.338330746 0.497470349
