18

C -0.142283052 0.000621707 -0.267073929
C 0.113000244 -0.552783251 1.027605653
H 1.099105597 2.224837065 -2.709740639
C 0.295255512 1.682803035 -2.199660778
O -0.298896670 2.348652363 -1.097564459
H 0.823476255 0.993014693 2.354305506
N -1.425227165 -1.776930690 -0.001103578
H -0.370474875 1.133948445 -2.858136177
C -0.700488925 -1.654961586 1.150563121
H 1.466746449 1.455734015 -0.364195824
C 0.510660350 1.198672533 -0.832351863
H 2.092764139 -0.018703662 1.681205630
H -2.098480701 -2.502675295 -0.171797439
C -1.105780125 -0.789550424 -0.864509463
H 1.042864680 -0.652363658 2.958835125
H -0.807407916 -2.343752384 1.969985962
C 1.076657653 -0.031604953 2.057198048
H -1.571491361 -0.714957952 -1.833564162
