18

C 1.236030698 -0.391542286 -0.030998036
C 1.519886851 -0.934388399 1.321832538
H -2.912707090 0.607096732 0.492777973
H 1.395257831 -2.458000422 -0.046994582
O -1.957456827 0.372400701 -1.296003342
C 0.160638258 0.635346770 -0.323361218
C -2.034023046 0.976035297 -0.047978852
H -2.092642546 2.080666065 -0.153116718
O -0.872231126 0.610234082 0.646532476
H 2.073483467 -0.308784783 -0.707280397
H 0.642988801 1.620958686 -0.304132164
N 0.789599597 -1.746576428 0.346977860
H 2.549257040 -1.192647457 1.543838143
C -0.589890242 0.407556444 -1.642935276
H -0.341304094 -0.538447380 -2.120696783
H -0.383776844 1.227566838 -2.345276117
H -0.051005628 -0.443332344 2.200711250
O 0.867895424 -0.524141788 2.466103077
