13

N -2.018663406 1.300240159 -0.939958751
H -2.495048761 1.824602485 -0.221616760
H 2.479642868 -1.545717359 0.820633411
C -0.139890850 0.623415887 0.563304722
N 0.820732355 -0.402919531 0.381335318
O -0.579393446 -0.485224098 -1.330404878
H -2.652561188 0.819819927 -1.567687869
O 2.103869438 -0.147276968 2.263666868
H -0.106176920 1.264104605 1.411314726
C 1.871968508 -0.721644461 1.230601668
C 0.551101804 -1.082504392 -0.802791059
C -0.963490546 0.542450845 -0.495687157
O 1.127909660 -1.989346743 -1.312710166
