17

H 1.030702353 -1.891690254 0.639935970
H -0.901245534 2.127986193 0.320085973
H 1.405675411 1.429006457 -0.029780637
H -2.027226210 1.533147693 -0.919802606
C 0.515628874 -1.847839475 2.662551641
O -0.202308521 -0.268004179 1.070162177
H -1.392573237 -0.727870405 -0.556989491
C 0.497454256 0.091097131 -1.312797070
C 0.167116731 -1.616374373 1.268972397
C 0.081652559 1.500744104 -1.598831534
C -1.014023662 1.446685433 -0.520841181
H -0.651281595 -2.301101923 1.001674056
N 1.386493087 1.231613040 -1.015868783
N 0.791950643 -2.051290989 3.760800600
H 0.041211836 2.030416965 -2.543006659
C -0.605195165 -0.016500087 -0.253639936
H 0.875968516 -0.670025885 -1.972624660
