16

H 0.502571225 -1.311537623 -1.263289809
H 1.972653389 1.169369698 -2.186718225
H -0.824137032 0.126690775 2.266592503
C -0.333529890 0.089254141 1.308176756
H 2.524951458 2.197229862 -0.830577850
H -3.792846441 -2.395940542 -0.371932358
H 1.720605612 0.870067894 1.938102245
C 1.314869523 0.608222246 -0.322310418
N 0.688553214 -0.934408545 1.016668558
C -0.989882410 0.011652086 -0.059413340
C 1.104078531 0.523949087 1.119613528
C 2.057616711 1.307840228 -1.138365149
C 0.404368997 -0.575157404 -0.487843096
C -2.990708590 -1.713225245 -0.276977152
C -2.098206758 -0.933401525 -0.168512851
H -1.260957241 0.959395051 -0.543213069
