20

H -2.147931099 1.583550096 -1.971685410
O -0.163339183 -1.553177238 1.504743695
H 3.198593378 0.302898318 1.840889215
N 0.200029567 0.246574670 0.165186897
H -3.154727459 -0.631114244 -1.667964935
H 2.102152348 -1.077337503 1.787123680
C -0.303833246 1.154719353 -0.868979514
C 2.432051420 -0.193731502 1.252616048
H 0.845825374 1.082062840 1.969639421
H 0.423457384 1.213241935 -1.695061803
C -2.193142414 -0.391085267 -1.244596720
H 1.633614302 1.674710751 0.515162945
H -0.335325599 2.162380695 -0.449603289
C -0.423017740 -0.931034982 0.498338878
C -1.649968386 0.798295557 -1.413996577
C -1.471738935 -1.469412565 -0.475776672
H 2.864068270 -0.505838335 0.308346599
H -0.962078989 -2.148142099 -1.159382582
C 1.266112208 0.767122149 1.008117914
H -2.160800695 -2.084683180 0.096882507
