18

O 2.679445982 0.082962267 1.310384870
H 0.504625976 0.302852899 2.658991575
H -0.919826627 -3.473361254 -1.966574907
H 2.169478655 -0.287638128 -1.004129887
N 1.366132736 0.071871907 -0.511715353
C 1.586776137 0.239349142 0.837234020
H 0.488114834 1.802575588 1.758198380
H -1.161299586 -0.700722277 1.118075967
C -0.970102727 0.372923285 1.037453175
H -1.963845491 0.591917396 -0.885383070
C -0.987452805 0.793084502 -0.433167368
C -0.301251203 -1.348682284 -1.503061652
H -1.779102206 0.880943179 1.591209769
H -0.792371929 1.854320526 -0.507740438
C 0.384818941 0.713767111 1.651204228
C -0.624977648 -2.480417967 -1.745988369
H 0.233701289 0.550426900 -2.179277897
C 0.087135799 0.033827245 -1.225712538
