15

C -0.288590521 0.115148634 1.105702162
H -0.556453943 1.053534985 1.574339867
C -0.656104922 0.914510369 -1.334747553
O 2.105651617 0.411470443 1.571758986
H -1.379948258 0.989300191 -2.138514042
H -0.191115692 1.857452154 -1.070547819
C 1.237249732 0.125741005 0.804543436
H 2.293635607 -0.187646627 -0.933159232
N -0.844080091 -1.841150761 2.730300188
H 0.108853489 -1.106083155 -2.004053593
C -0.940452933 -0.101584852 -0.262626529
C 0.177718520 -0.338504910 -1.243945599
N 1.381632209 -0.250419974 -0.507273078
H -1.857706308 -0.664057851 -0.308892339
C -0.590288877 -0.977709353 2.017115355
