16

H -1.546350479 -1.769002676 -1.469072819
N 0.453580022 -1.357142448 -1.086855054
C 1.185517550 -1.774913788 0.130046219
H -0.249221951 2.787741661 1.458994508
H 2.297512054 -0.252503157 -1.036226749
C -1.392114162 0.080888569 -0.415480971
O -2.204512119 2.413400173 1.081544042
C 1.392566919 -0.416323513 -0.455512255
C -0.497659057 0.971727252 0.278228492
H 1.909525633 -2.554797411 -0.028706130
C -0.903854489 -1.040081501 -0.992969513
H -2.439321756 0.329165548 -0.443185538
C -1.022257566 2.141205788 0.998691201
C 0.846866548 0.775438488 0.233837634
H 1.534789801 1.471793175 0.684005558
H 0.634933412 -1.806596041 1.062661648
