16

H 2.373445988 0.966253698 0.555022597
C 1.626713634 0.270533562 0.900970042
C 0.295743734 1.391815543 -1.615047097
H -2.304919004 0.164969340 -0.269339710
H 1.305661082 1.703481317 -1.262336612
N -0.276546448 0.457191765 -0.783453107
N 1.808889627 -0.501504600 2.025270939
C -1.614046097 -0.026155630 -1.096150398
H -1.950766325 0.514273822 -1.985645533
H -1.603122711 -1.105274916 -1.318745017
N -0.144034997 -0.982097745 1.119243264
H 0.544198632 -1.962416291 2.917529106
C 0.410771161 -0.025201866 0.325038195
H -1.011740923 -1.463852763 0.963500261
O -0.203032583 1.835339785 -2.614198208
C 0.742785215 -1.237355351 2.138340950
