14

H -0.844455957 -1.502874374 1.007830977
N -1.369002104 0.056176156 -0.460726380
C -0.196025819 0.370180309 -1.316105604
H -0.852187395 2.146681070 0.010846702
C 0.814050138 0.590601206 0.567951918
H -0.994517326 -2.009365320 -0.683487594
O 0.875088811 0.371902972 1.943271756
H 1.694856882 1.179475784 0.317327231
H 0.033487614 0.028179584 2.233435869
C -0.421932191 1.167011023 -0.094125435
H -0.232445657 0.611392438 -2.372317553
H 1.512840748 -1.196575165 -0.710230768
C 0.664965332 -0.602756023 -0.419940293
C -0.684723258 -1.210029483 -0.023730837
