18

N 0.152316675 0.908563137 -1.191961527
O -2.458899736 -0.752103865 0.090241060
C -0.012938666 0.126963675 0.031729084
C 0.314401001 0.722268105 1.382444978
C -0.013851455 -1.352129579 -0.255382150
H -1.841715217 1.059319615 -1.916414142
C -1.261625171 -0.540025055 -0.512827992
H 3.975717783 0.960042536 2.013290167
H -0.068281986 -1.991129160 0.614666045
C 1.741639733 0.809051633 1.640616894
H 1.014529705 0.683456957 -1.691179276
C -1.068342328 0.304057986 -1.784598708
H -0.171409875 0.124089554 2.152294874
C 2.925718784 0.888850510 1.823536277
H -0.126719519 1.718417883 1.438326359
H -2.736331940 -1.652716756 -0.042504892
H -0.933007777 -0.244345531 -2.714025736
H 0.568800449 -1.772631764 -1.078252077
