18

C -1.600760460 -1.235016465 -0.883963764
H -0.649269402 1.925548911 1.353579640
H -0.084462017 0.443137348 2.146023989
C 0.075278684 1.100473881 1.302555919
H -2.278494596 -1.978780508 -0.474519432
O 0.141034812 -2.769049406 -1.639456034
H -1.993760586 -0.948343873 -1.862713218
H 1.642709970 -0.658958018 -0.744474769
O -0.055082683 1.348615885 -1.016848445
C 0.711797893 -0.864459038 -0.228005886
H 1.766681075 2.292160511 0.503644347
C 1.457647324 1.701680541 1.387213945
C -0.170889840 0.371289074 -0.013006000
H -0.421255440 0.985134602 -1.828225851
C -0.181636855 -1.786149502 -1.030975103
O 2.190956354 1.544828057 2.324998379
O -1.501565933 -0.126675755 -0.011528242
H 0.951071441 -1.345436573 0.715700746
