16

H 0.053444684 2.314766407 -1.253344417
C 0.568204284 1.358875990 -1.288382053
C 0.340460837 -0.176746368 0.193489239
C -1.543694973 -1.093902230 0.657885075
H 0.008207425 -2.759483337 2.207756042
C 1.343820691 0.936085761 0.012398146
C -0.037399672 -1.362570524 0.967545748
O -2.527271986 -1.691916585 0.967467308
H -0.599358439 -0.540050805 -1.936367035
H -1.621125221 1.184750676 0.397617459
H 2.336959362 0.570784032 -0.207235292
H 1.402814627 1.660646081 0.811838031
H 1.192155242 1.337641716 -2.181795359
C -1.176633239 0.251306921 0.085934758
N 0.609550118 -2.126811266 1.708667994
C -0.350133955 0.136623621 -1.143475771
