20

C -1.262238979 -0.936275721 -3.102841139
H -1.874593854 -0.170881644 -3.585184813
N -1.616083145 -0.207778171 -0.730415523
H 0.412021697 -0.821862519 2.724036217
C 1.337006569 0.370900929 1.098980904
C 1.015453219 1.250439048 2.296931982
H -2.621432781 -0.214620784 -0.760863125
H -0.417288184 -1.127137065 -3.757761002
H 1.409204483 -0.506735742 -1.768281102
H 1.788888812 1.948703289 2.599973202
C -0.785128057 -0.508845627 -1.760607362
C 1.268097401 -0.198739946 2.510807753
H -0.871034920 1.359227061 1.903029919
N -0.983878255 0.120653525 0.404379547
H 2.191600561 -0.515876293 2.987881660
H 2.322429895 0.499575645 0.672080815
C 0.305008233 0.049920734 0.106754310
C 0.485208154 -0.352205724 -1.240635872
O -0.243156761 1.816114664 2.468428850
H -1.860083461 -1.854575515 -3.066694498
