13

C 0.051114608 0.394298762 -0.792455912
C 0.477416337 -1.005193353 -0.179931954
H 0.743930638 0.724124491 -1.568139434
C 0.427209198 0.962633014 0.556712747
N 1.843805313 -0.922103941 3.296031952
C -2.452003956 0.638581097 -1.617888927
H 0.479349107 1.959813833 0.912630141
H -0.338505238 -1.705449104 -0.072711311
C -1.321583033 0.539808393 -1.234025478
C 0.847670853 -0.235038072 1.062297463
C 1.390105247 -0.591265023 2.290573120
H 1.308383465 -1.491819382 -0.690460026
H -3.456892490 0.731609523 -1.962632418
