19

C 0.156798184 -0.139164329 -0.488819718
H -0.766903281 1.827973247 -0.628500938
H 1.572567821 1.009372473 0.723981977
C 0.957672000 0.190427139 -1.666796803
O -2.289981604 1.286315203 1.718620896
H -0.895535111 -1.880456448 0.280887157
H 0.548006952 -2.272841930 -0.658204079
H -0.915671170 -1.751467705 -1.471467853
H 1.662843585 -0.726072550 1.024615288
C 0.977319598 0.098722912 0.828988433
C 1.608807564 0.471243352 -2.638897181
C -1.309274673 0.856958270 1.200835466
H 2.191699505 0.712265491 -3.492957354
H -0.377782911 -0.659029365 2.378968716
C -0.080978855 0.297175616 1.922362566
H -1.927178979 0.530821562 -0.864579737
C -0.298127770 -1.602939129 -0.596262813
H 0.231291518 0.944077253 2.733611345
C -1.045572042 0.806618869 -0.306386083
