16

O 0.510280907 1.601124287 0.459120005
N -2.678756475 2.266352415 1.303100586
H 0.156930447 -1.103248954 1.429297686
C -1.798926473 1.920570254 0.638847828
H 2.142738104 0.396117806 0.484813094
C 0.369287252 -1.551539898 0.459035277
C -0.704672933 1.523995399 -0.234232247
H 1.816900492 1.166321278 -1.082791805
O -0.862531126 0.200213999 -0.644400477
C 1.364587307 0.693233252 -0.198526293
H 1.344961166 -2.029906988 0.507191837
H -0.685453594 2.189307213 -1.107127428
C -0.632077038 -2.574864149 0.187046528
N -1.403900385 -3.404141903 -0.032775905
C 0.415868759 -0.444482207 -0.596709073
H 0.644764125 -0.849051356 -1.571889162
