23

H 1.717114210 -0.038152695 -2.666403532
H 1.904120564 2.229447603 -0.941261828
C 0.421613663 0.479643434 1.323784471
H 1.567305923 -1.311636925 1.774085402
H -1.766058922 0.887912095 0.953854561
O 0.098131612 1.638806343 -2.044791937
C 0.167945147 0.867131591 -0.085261390
H -0.197142407 -2.497999668 3.106108427
H -1.359684110 -1.126570106 2.709013700
H -1.407658815 -1.420193553 -1.469447970
C 1.174786925 1.435456872 -1.078318238
H 1.169665217 1.046032310 1.840507388
C 1.379454851 0.018085511 -1.648966193
H 1.818103075 -0.738575041 -0.993230164
C -0.431473285 -1.653296828 2.464960575
H -1.263695121 -0.626446843 -3.031568289
H -0.777301550 2.358760595 1.272676110
C 0.525172234 -0.980000675 1.672574520
H -2.240655422 0.106639087 -1.765228271
C -0.232952893 -1.826944590 1.099284530
C -0.792911232 1.321303010 0.952556133
C -1.335740685 -0.459674507 -1.960209012
C -0.138138920 0.290272415 -1.484718561
