14

H -1.939234614 -0.008982849 -0.998802245
H 1.081491828 1.580123663 -0.170854241
C 1.409065604 0.557090521 0.057849467
H 0.586845577 -0.837018371 1.550728321
O -3.290607691 0.698596120 0.354532272
C -0.983982980 0.459525377 0.952741444
C 0.280134916 -0.322651535 0.639520764
N 1.788490653 -0.115728818 -1.198553801
O 0.059319854 -1.329028487 -0.375443518
C -2.187665701 0.367716640 0.016596723
H 0.966318727 -1.776087403 -2.150226355
C 0.992172837 -1.081636071 -1.323494673
H 2.266520977 0.623428583 0.726458669
O -1.028870463 1.184652686 1.918947220
