17

H 2.170147181 1.146674037 -3.057797909
N -0.366957575 0.045657121 1.890552640
O 2.368602991 1.045993924 -0.653524399
H -1.669229031 -0.527585566 -0.408223242
H 1.549053669 -0.253548831 1.164369941
H -1.385819674 -0.967835367 3.412462711
N 0.250854969 0.320712686 -0.359451473
C 1.296578169 0.729533613 -1.130029321
C -1.161163568 0.367370486 -0.771443486
C -0.810107589 -1.183405995 2.505085707
C 0.521253765 0.000271494 0.985558748
O 0.291057080 0.452684253 -3.366205454
H -1.186325550 0.398229957 -1.853394032
C 1.205122828 0.765750885 -2.654046297
H 0.038894292 -1.832165480 2.786144733
H -1.460386515 -1.741666436 1.823448062
H -1.651574969 1.233328938 -0.313506305
