21

C -0.275951266 -0.133369863 -0.220387474
H 0.015361634 2.088080168 -2.037805557
H -0.578839242 2.597513676 -0.460002065
H -1.261196494 0.148933604 -2.121075153
O 1.531878114 -0.677565694 2.575794220
H 0.017460845 -1.080715775 -2.160367966
H 1.073171258 3.003170252 -0.961927533
C -1.185466170 -0.732694089 1.562799931
C 1.348845959 -1.237314463 1.528200388
H 1.180422902 1.158107281 0.632302105
H 2.173405647 -1.741616130 0.992661595
O -1.374774098 0.317084253 0.590784431
H -0.946654439 -0.337500036 2.546395779
C 0.030685700 -1.283677340 0.807048440
H -1.540720105 -1.444157600 -1.400361180
C 0.798219562 0.937023342 -0.367724478
H -2.051764965 -1.397821546 1.609215498
C 0.302085698 2.229577541 -0.998588860
H -0.094772451 -2.287846327 0.380706578
C -0.798836708 -0.659465909 -1.561521530
H 1.637438655 0.534254968 -0.936146915
