23

H 0.574169636 3.494313478 -0.535459816
H 0.508496583 3.649057388 1.229884148
C -0.352990299 0.976451337 -0.458994329
O 1.745769143 -2.266987801 -0.426958472
H -1.883536696 -0.254858881 -1.389888048
H 1.645221591 2.493033171 0.485513538
C 0.713402867 -0.070184760 -0.126558259
H 1.586855292 -2.387417793 -1.396331549
C -0.608598292 -2.449970484 -0.012041952
O -0.376820743 1.992126584 0.548513710
C 0.849747002 -0.708813667 1.234439611
H -0.435477674 -3.350721598 0.578755319
H -2.166611671 0.091999523 0.329560101
H -0.815291047 -2.770936728 -1.041888475
H -0.066193126 1.434119940 -1.409925342
H 1.674950600 0.192251548 -0.546504140
C 0.642459393 2.935013056 0.413406938
H 0.028948508 -0.562656462 1.914851904
C 0.613260090 -1.585762739 0.044916261
C -1.793696165 0.490875632 -0.611246109
H 1.822114944 -0.741455317 1.694928885
H -2.415710211 1.343077779 -0.876299500
H -1.490469575 -1.942553997 0.357325375
