14

C -1.365815878 0.021913152 -0.256478161
H 0.044478692 -2.162027121 0.835105121
H -0.467064679 -0.140697658 -2.263495922
C -0.651395559 -0.696432352 -1.354724884
C 0.127894014 -0.205275595 -0.156679094
H -0.789032221 -1.748412371 -1.469861507
O 1.527581215 -1.025065422 1.588750124
H -1.674457788 1.045917511 -0.429357499
H -2.022595882 -0.561028004 0.391568840
C 1.187766790 1.712207198 0.633062482
H 0.238339230 1.924255252 1.150470257
O 2.224167109 2.222580433 0.881911814
O 1.006526589 0.830053687 -0.395656943
C 0.613608539 -1.217988729 0.845385551
