16

C -1.191827774 -0.639850736 1.467537999
C 0.954914212 -0.609948337 0.291646600
H -0.307619661 2.195904493 -0.356236368
N 0.243991613 -0.282888919 1.515595794
H -1.625548482 1.120559692 -0.818391204
H -1.622092128 -0.903388381 2.433282137
C 0.354208857 0.202852368 -0.834527493
H 2.012263775 -0.341277570 0.420203000
N 0.640584469 0.158246219 -2.075936794
O 1.686030746 -0.746271551 -2.314832926
C -0.767058253 0.739537776 1.178841591
C -0.664741158 1.169536591 -0.278983206
H -0.925340652 1.521718502 1.931864619
H 1.803974271 -0.662888885 -3.260687351
H -1.536283731 -1.238860726 0.631084323
H 0.944544196 -1.682980537 0.069539063
