23

H -0.814101934 1.812861800 -0.619247556
H 0.551901937 1.612387419 -1.733194828
C 1.025300860 1.334515929 1.307807565
C 1.059218526 2.507632732 0.300226569
H -0.193120390 -1.269061327 1.331650138
H -3.127767801 -2.410532713 -0.794186890
C 0.255763412 1.621318460 -0.685952306
H 0.623895168 3.463554144 0.604397535
H 1.935620070 1.110358953 1.861605048
C -0.182534039 -0.902888119 0.290227085
H 2.569263935 -0.788994431 0.224619403
C 1.712268829 -0.573843420 -0.440048635
O 0.767235577 -1.660022855 -0.484157413
C -1.587281108 -0.950860441 -0.271567553
H -2.246315479 -0.351003200 0.358836055
C -2.125025272 -2.384718180 -0.345129907
H 0.197105572 1.437610984 2.013690710
H -1.464738011 -3.008941174 -0.948721766
C 0.669041038 0.382495821 0.150460213
H 2.100393534 -0.335047305 -1.433236122
H -2.196812153 -2.836728334 0.642914832
H 2.062131405 2.695397615 -0.063080892
H -1.591444612 -0.505493224 -1.267911673
