19

C -1.728307486 -0.520922601 -0.785948753
O -2.204462051 1.604927540 0.173563644
C 1.486317635 -0.279550970 1.411055923
H -1.246916652 1.520205259 -1.760753989
H 0.932786882 0.061799638 2.276622534
N 1.110172510 -1.541673422 0.774349272
H 0.294094235 -1.933659196 1.236066222
H 1.621372819 1.070199966 -1.337178111
H 2.570436239 -0.396381021 -1.061316371
C 1.567118049 0.000540726 -1.153538942
H -1.296448231 -1.145660162 -1.553357720
C -1.378735900 0.997160077 1.108504176
H 1.087968349 -0.483012229 -2.014555454
C -0.662059724 0.157481685 0.089410290
C -1.486304402 0.938074112 -0.886131406
C 0.783234000 -0.287591457 0.112223014
O -1.342927337 1.196032643 2.271935225
H -2.650838375 -0.873539805 -0.332770914
H 2.543499708 -0.084430747 1.431821108
