19

C 3.697014570 -0.796602249 1.136891484
C -2.178309917 -0.037225392 0.942270577
H -2.085038900 1.839944363 -1.788877487
C -0.406596303 0.676737189 -1.027938366
N -2.589623213 0.864889324 -0.018476823
H 0.148634121 0.609841704 -1.961706042
C 1.180980802 -0.674788415 0.290495634
H -3.568647385 1.090248108 -0.024739761
H 4.111229897 -1.799591184 1.008047223
C 2.331460238 -0.734240115 0.664484620
C -0.190741166 -0.593996584 -0.181442440
H 3.776823997 -0.535522223 2.198010445
N -1.100340724 -0.698922038 0.979430199
C -1.902953625 0.877442837 -1.299986362
H -2.880345345 -0.156292304 1.757925749
H -0.031513955 1.540680528 -0.468482137
H -2.274295330 0.087936111 -1.958757162
H 4.342106342 -0.104486354 0.577662945
H -0.379844546 -1.456052899 -0.824812174
