16

H 2.444257975 -0.314122319 -1.726228714
O -0.203904063 0.526047647 1.292865515
H -0.676429391 -2.238657475 -0.536202610
H 0.024569374 2.462507248 0.586704552
C -0.343956590 -0.222397178 0.105594277
C -1.508246303 0.321319580 -0.718703330
H 1.187246442 1.918434739 1.840606928
O 1.507207632 1.160304666 -0.053080622
C 1.009144068 0.037347976 -0.582392573
C -0.554359376 -1.701074123 0.399445832
H -1.444369435 -1.818738103 1.009606600
H -1.743266940 -0.264996290 -1.628077984
H 0.303459108 -2.108012676 0.928697109
O -2.127279997 1.292863250 -0.411036074
C 0.604569197 1.622445107 0.968475580
N 1.521358490 -0.673272014 -1.476274610
