19

H -0.812965274 0.379478067 2.126505136
C 0.038440622 1.048574686 -1.014101505
H -0.969716132 2.145134211 0.519141614
H -1.550209403 -1.302523851 -2.375075579
H 0.099727698 -1.934396863 -2.203933954
H -0.279277146 -1.774303794 0.459605277
H 0.775894046 2.186826468 0.686982393
H 1.172048926 -1.080945015 2.394890070
H -1.787852526 -0.856818438 0.369120061
C -0.497603565 -1.029776573 -2.217314482
H 1.955693364 -0.297637463 1.005092978
H 1.647456646 0.618750036 2.479906082
N -0.310880244 -0.261543214 -1.017562270
O 0.346585721 1.703760147 -1.982322454
C -0.698750198 -0.778461933 0.281708360
C -0.129511550 0.252862424 1.277193189
H -0.165537670 -0.405708790 -3.047470570
C 1.232488394 -0.154692695 1.823905587
C -0.066031151 1.541422606 0.433729231
