20

C -1.323680520 -0.090465933 1.158257604
C 0.658106029 1.090220094 -1.502864480
H 2.708384037 -0.289984643 -0.256658852
H 0.134994060 1.265173078 1.586798787
C -1.093011141 -1.377027512 0.375963122
H 1.298384309 0.565338314 -2.214722157
C 0.630824745 0.301262677 -0.177782029
H 1.056068301 2.080728054 -1.322155714
H 2.036076069 -0.307979673 1.365071177
C 0.138830289 -1.145230532 -0.420554280
N -0.339551508 0.917898595 0.771897852
H 2.430725098 1.237440467 0.598160684
O 0.708625495 -1.959648728 -1.098201752
H -1.625795603 -0.104506202 2.195643663
H -0.331117928 1.176982403 -1.915146112
H -2.295377731 0.111119390 -0.819334805
C 2.039136887 0.226758465 0.430365294
H -1.285305381 -2.365938902 0.766298234
H -3.254657269 -0.863978148 0.383282810
C -2.291658640 -0.468160927 0.095681302
