17

H -1.758626699 -1.975521564 1.607406855
N 0.648045123 0.622985780 -1.320929527
N -0.713557720 -0.106478713 1.898614645
H -1.078948855 -1.695600986 3.214784622
H -0.019249514 -2.097380877 1.880052686
H 2.518812180 0.210207060 -2.117001534
C -0.916627228 -1.542462587 2.151634932
H -2.331310272 0.929006875 -0.373707294
N -0.623141706 0.970554173 -1.570916772
H 1.774211287 -0.173823625 0.299252212
C -0.432738841 0.218171224 0.555959225
C 0.806712210 0.155038223 -0.057251856
C 1.665278673 0.851877272 -2.318734884
H -1.508033752 0.415740490 2.231076002
C -1.278936863 0.728235543 -0.442388296
H 1.266365528 0.596658409 -3.301376343
H 1.981746316 1.892793298 -2.336474895
