13

H -0.881338477 -2.530882120 1.705587745
H -1.520322800 -1.459234834 2.907537460
C -0.705618560 -0.530016840 1.301704884
N 1.023707628 0.186960652 -1.796916485
N -1.004593849 -1.611199856 2.048894644
H -0.908918083 0.468234450 1.671165943
H 0.110142596 -1.520085096 -0.262976348
H 1.776701450 1.750041008 -3.068503141
O 0.674494624 2.337833166 -1.413175344
N 0.055834729 1.687232018 -0.366730988
C 1.235857368 1.408791661 -2.196223259
C 0.294454485 0.441993147 -0.659163833
N -0.150401339 -0.629667342 0.128799111
