18

C 0.453035623 0.794381380 0.298066527
C -1.762688160 1.883298159 -0.417635709
H -1.819637060 1.295296669 -1.344663501
H 1.148971081 -2.970066309 -0.613782585
C -0.999737084 1.070878029 0.597437859
C 1.092246532 -0.492476046 0.867084265
N 0.259944320 -1.695620060 0.870833457
H -2.762990236 2.108499527 -0.058300197
H -0.720164180 -1.525038600 1.103392959
H 1.762887716 -0.387938410 1.708538651
O -1.497933865 0.669054210 1.615415454
H 1.031201124 1.691025496 0.502681732
H -0.216568470 -2.027701139 -1.246101022
H 2.470419407 -0.799317420 -1.017850399
O 0.718734801 0.377902448 -1.065356135
C 0.606073797 -2.031515121 -0.531813204
C 1.468734980 -0.766642272 -0.603117287
H -1.232530594 2.805979490 -0.664830863
