17

C -0.165261358 1.399646282 -0.991743267
H -0.938214898 -0.047013529 -2.413087368
C 0.237951443 0.301966310 -0.012186490
N 0.004846415 0.234747365 1.222381234
C 0.023577549 0.356957018 -2.114079237
H 0.180847362 -1.905972838 1.302855730
O -1.440843344 1.961941004 -0.870515406
H 0.568692982 0.690512717 -2.999004364
H 0.622872353 2.167961359 -1.028783083
H -1.631896019 2.032876730 0.075227283
H 0.459697187 -1.636299610 -1.106574535
N -1.395245671 -1.251144767 3.956225395
C 0.758302867 -0.591979146 -1.119413853
H 1.850254178 -0.559796453 -1.233503342
C -0.671657503 -1.137115598 3.066942930
H 1.277750492 -1.014330268 2.330917358
C 0.258326054 -1.002956867 1.934340954
