21

H -1.821183443 0.385333508 1.697030067
N 0.003800496 -0.626946092 -0.897266030
C -0.446018755 0.576525569 -0.215033248
H 0.703797221 0.710617661 2.151500225
H -0.618158638 2.735758543 -0.253424853
N -1.461201906 -1.417976737 0.545196831
C 0.393053234 -0.179284498 1.629792094
C -1.035451770 -1.566246390 -0.869103432
H 2.920490026 -0.670627356 -0.107734375
H 0.658578873 -1.063531637 2.230092764
H -1.770329237 1.888939142 -1.288755774
H -1.833816648 -1.276138902 -1.584979653
C 2.276872158 0.183151931 -0.322399586
C 0.867796659 -0.052161023 0.139960706
H 2.289115667 0.346546561 -1.391497016
H -0.737523615 -2.599880219 -1.142433882
H -0.069754235 2.009555101 -1.757434487
C -0.766816199 1.874813914 -0.918415725
C -1.057216406 -0.085376509 1.085772991
H -1.208824039 -2.218321800 1.095293522
H 2.712790489 1.045248270 0.173839241
