19

H -5.173731327 -0.126507908 0.924063563
C -2.987250328 0.279617757 0.554976344
C -1.595359564 0.558959246 0.335398287
H 3.134918451 0.625488281 -1.069351912
H 3.027427912 1.463173270 0.515150905
O -1.460702181 -1.470848560 -0.960169733
H 0.850466907 -0.724625587 -1.657258272
C -4.149313927 0.064264424 0.744161308
C 1.388602972 -1.208892941 0.373252928
H -1.457750797 1.516462207 -0.170272663
H 1.021699190 1.624039173 -1.110680103
N 1.147802949 0.958926320 -0.364856273
C 0.615546405 -0.374689728 -0.659008443
C -0.901286483 -0.520759761 -0.492272407
H 0.852932036 -1.257205009 1.337888837
H 1.546812892 -2.237736225 0.017800458
C 2.572099686 0.698758006 -0.131521463
O 2.615280628 -0.543173909 0.538941503
H -1.048195124 0.674751401 1.273757100
