18

H 1.927041173 -2.565002918 -1.057168245
H -0.398204148 -1.774878025 -0.464844942
H 2.449357271 -2.240839958 0.581708372
C -0.111994475 2.254870176 -0.366432160
C -1.494611859 0.791848063 0.300963819
H -2.262113571 2.631015539 -0.750974894
H 0.110202283 -1.481644630 1.166017175
C 1.592982054 -2.515638351 -0.021768581
H -1.784427881 2.930733204 0.924867928
C -1.594277382 2.319061518 0.044820651
O 0.704451621 3.022222281 -0.728524923
H -2.105441570 0.167891636 -0.367935151
N -0.077640064 0.869045794 -0.117018647
C 0.917456210 -0.083485559 -0.248402208
H -1.628576517 0.480740905 1.327189803
H 1.256183863 -3.502686262 0.278501689
C 0.473305672 -1.496879220 0.139038116
O 2.026308060 0.193626165 -0.640037954
