15

H -1.750176549 -0.672242343 -1.806551337
C 0.708944678 1.485825419 0.591905653
C -0.000398198 -0.563758969 -0.556862533
H 0.423211515 2.532669783 0.548920751
O 1.678755760 1.478323102 2.782718420
C -1.142773390 -1.336764336 -1.187101841
H -1.789566755 -1.701568961 -0.371884704
O -0.639891148 -2.382359743 -1.960538149
H 0.005476359 0.433476478 2.428004980
O 1.096066952 -1.097167253 -0.414544463
H 0.278326422 -2.505173206 -1.676910758
H 1.696384668 1.388984323 0.144432217
N -0.263951480 0.713960707 -0.145019904
C 0.815277755 1.089512706 2.056677818
H -1.115686297 1.136281729 -0.433246076
