16

O 0.123774089 2.474684715 0.565906227
H -1.325966239 -0.255434394 1.207899690
H 0.872295439 -2.596023321 -0.684799016
H -1.172226429 1.714203477 -0.825363219
C 0.035418980 -2.012417555 -0.319560528
O 2.045008659 0.790593505 0.708655000
H -1.501480341 -0.914127350 -1.146292448
C 0.290020257 -0.540286541 -0.142461941
C -0.933483183 1.642519355 0.246567696
N -0.608808041 0.267369688 0.666231513
H -0.640780807 -2.484618425 0.396971494
N -0.505865574 -1.069893241 -1.305961728
C 1.789604783 -0.103343017 -0.126155958
O 2.539593697 -0.686573744 -0.889637470
H 0.830121160 1.818307757 0.857574224
H -1.837226748 1.955038786 0.790426791
