18

C -0.479679853 -1.545163512 1.981091738
C 0.277075022 -0.846723199 -0.341146171
H -1.362158775 1.691786408 -0.686713398
H 0.608019948 1.612853408 -2.899044275
H -0.920619786 -1.051126361 2.850467205
H -1.172661185 -2.325578928 1.630348325
C -0.392304093 1.485914946 -0.190212294
O -1.217689991 1.215174913 2.098188162
C -0.685103357 0.755753577 1.122822523
C 0.886849225 0.713121891 -2.360268116
C 0.448846817 0.522604287 -0.982922554
O 1.794654131 0.909468055 -1.274544477
H -0.401489764 -1.499109149 -0.923598528
N -0.273143858 -0.551459432 0.966619372
H 1.083136797 -0.146894544 -2.992329836
H 1.242362261 -1.359145045 -0.261776507
H 0.101305880 2.437838793 -0.012776481
H 0.462600619 -2.019316673 2.275794744
