20

H 1.330785394 -0.056906961 1.647404790
H 2.050687790 0.731229722 -1.172117472
C -0.054147519 -1.115375161 0.153052419
O 0.092358291 -1.586144090 -1.164175868
O -0.906008065 1.071768522 -2.029492855
H 0.981966674 -1.414337039 -1.460838318
C 0.852071345 -0.020518700 0.671980739
H 0.896466970 2.946119547 -1.184115767
O -1.777945876 0.408629209 1.102635145
H 0.325760394 -2.970632315 1.173376203
C 1.260676622 0.910532415 -0.454252154
C -0.646696329 0.252588004 0.337367773
H 0.490703523 2.747116804 0.573456228
H -0.676326871 -1.824187279 2.072623968
C -0.228244036 1.120692492 -0.831429601
H -0.956354797 0.133197889 -2.259580374
H -1.364448428 -2.711803675 0.717848659
C -0.465716541 -2.215527296 1.076666236
H -1.814059615 1.317428946 1.416179657
C 0.608471394 2.276129246 -0.386590272
