21

H -1.504082799 2.763981342 -3.457164764
H -1.294527173 1.422979116 -4.579524040
H -1.619310737 -1.321330547 4.092335701
H 2.500285149 0.128089324 -0.312592834
H 0.619970381 -1.360159636 3.548394203
C 0.221035033 -1.268859386 1.467490077
C -0.055864397 0.459922761 -1.745752811
H -1.076957107 0.134471670 0.668825090
O -1.441139340 -1.466315866 3.152825832
H 1.315493941 1.133598328 0.545006156
H -0.130303323 0.154067621 3.009311199
C -0.150376186 -0.933205783 2.886716366
C -0.798809290 2.002032042 -3.784436703
O 1.552712560 -0.806184411 1.249393702
H 0.688542426 -1.360723376 -1.105955005
C 1.538042307 0.129131779 0.189963147
C 0.370670348 -0.407732517 -0.678110480
H 0.199250817 -2.359333754 1.366009355
N -0.603325844 -0.714322448 0.392350942
H 0.057096869 2.516621828 -4.236798286
C -0.388403058 1.153272271 -2.668286800
