17

O 0.023561791 -1.514256120 -2.183265209
C 0.849993706 1.304991841 -0.458907843
H -0.711448550 0.978003860 -1.963220239
C 0.395765752 -0.332505673 1.225661278
O 1.241064787 0.750216067 0.797195852
C 0.528360069 -1.463922977 0.178501233
H -1.638776898 0.075230472 2.141615868
H -0.054547954 -2.338753462 0.440019608
H 1.683584571 1.214195490 -1.154908419
C 0.039544374 -0.899542093 -1.144187093
H 0.618153274 2.360831976 -0.334420234
H 1.574398994 -1.756631255 0.074749038
C -0.396929264 0.560459077 -1.005485058
H 0.784885764 -0.631088018 2.202085972
C -1.036812067 0.131333053 1.242977858
H -2.447425365 0.961548269 -0.133552700
C -1.453372955 0.599889278 0.075139910
