23

H 0.473179579 -2.150348425 -1.076249003
C 0.533017159 0.016025051 -1.309354305
H 2.370296955 0.107534237 1.093231201
O 0.011229370 -1.565345168 -3.012864113
H -0.392748952 -2.407550335 -3.213386536
H -2.534915209 0.098350838 -0.024384221
H 0.198937565 -1.093899250 4.536598206
C 0.469199479 0.415667713 0.153879732
H 0.017683098 0.749661028 -1.946041822
C -1.993747473 1.059780240 -0.010961667
H 1.602732301 -1.369532228 0.588138819
C 0.543045819 -0.874236584 3.544643641
C 0.301574439 1.859631181 0.485252768
C -0.070846096 -1.357589841 -1.598993421
N -0.772829413 0.906586111 0.752843201
H 0.170918137 2.554345131 -0.350794047
H 1.578662038 0.010210413 -1.640535474
H -1.107881546 -1.400938511 -1.256698370
C 1.408981085 -0.401379675 1.057628393
C 0.898305416 -0.639658093 2.416768312
H -2.621464252 1.792898178 0.500938177
H -1.860899568 1.394305944 -1.058229804
H 0.777569294 2.295482397 1.368571639
