15

N 0.472434700 1.076660514 -1.025409698
N 1.336014628 0.071538083 -1.355416775
H 2.204529524 -2.460899115 -1.366077781
C 1.257205606 -0.906121194 -0.455457062
C -0.062724262 0.625624001 0.095938548
H -2.379042149 -0.412966132 0.880497098
N 2.056211710 -2.047019720 -0.466777533
O -3.468708515 1.276369333 1.010566115
N 0.384536505 -0.603664041 0.486054778
H -1.201793313 2.384253025 0.476019621
H 1.921931148 0.171962306 -2.169955015
H -0.744496584 1.474905491 1.909884930
C -1.083034754 1.383190513 0.866554916
H 1.734263778 -2.724560976 0.203089893
C -2.427328110 0.690727890 0.910488248
