24

H -0.987381697 0.117289811 -1.584189415
C -1.475446224 -1.144768357 1.341665506
C 3.016644001 2.255502939 -1.085863590
H 2.728631496 2.027280331 -2.112557650
H -0.861772358 -2.043747425 1.406924248
H -3.235788584 -2.381336451 0.846325040
H -1.637961864 -0.781726658 2.364772320
H 0.962792218 0.170172736 1.692817926
H -2.158787251 -2.357062578 -1.297441959
H 3.104362249 0.195651248 -0.439794749
H -3.502827644 -0.630645275 0.803540349
N -1.085223079 -0.597248018 -0.891670942
H -3.095431328 -0.884187937 -1.523615599
H 1.190910101 -0.992958784 0.385487139
C -2.341131210 -1.348492980 -0.897371829
H -1.206424117 0.883385777 0.645608902
C 2.613704205 1.135713816 -0.143702626
O 1.220200419 0.990989506 -0.196035296
H 4.095510006 2.403357506 -1.068011284
C -2.774333477 -1.424444914 0.584916234
C 0.729462087 -0.025485905 0.646214962
H 2.544539690 3.189572811 -0.799451172
C -0.782215476 -0.118551530 0.440245539
H 2.937966108 1.361740589 0.881187558
