16

H -0.748346806 -3.676213980 0.060255308
O -1.175400972 0.443499744 2.149052143
H 1.089010239 1.882233977 1.402393341
H -0.128423333 -0.568082213 -1.853529692
H 1.396153331 -0.875722945 -1.051191926
H -1.060043097 2.362347364 0.212982878
C -0.277132303 1.876393795 -0.341389626
C -0.721042871 -0.111571237 1.213425636
C -0.278454125 -1.866741061 -0.180158287
C 0.334338367 -0.691202044 -0.878858268
H -0.254006594 2.088455439 -1.394178867
H 1.924505591 1.618152976 -0.193953574
C 1.007225752 1.587385058 0.366244435
O -0.868370712 -1.466028214 1.012416005
N -0.293861896 -3.057034254 -0.595388055
C 0.053849559 0.454127431 0.071878880
