16

C -0.183516175 0.631849825 -0.415827960
H 3.261415958 -1.177203298 0.911469400
N 1.100080967 0.873148441 -0.547851562
O 3.884260416 0.422666132 -0.200139940
H -2.216988325 -1.505387187 -0.107610926
H -1.911431909 1.900718927 -0.270354897
C -0.359478772 -0.552657068 0.363160402
H -0.776377201 2.324448824 -1.564457178
C 3.064317465 -0.298137993 0.281061411
H -1.853772998 0.928313017 -1.739824533
C -1.241289139 1.491409659 -1.033565998
N 0.834304690 -1.003166795 0.712443233
C -1.627729297 -1.226217866 0.765360653
H -1.398540020 -2.123720169 1.338189721
H -2.253180265 -0.560974956 1.371123791
N 1.677924395 -0.125089496 0.136824116
