16

H 1.865470171 0.890713394 -1.729013324
H 1.672681570 -0.854925513 -1.791495085
H -1.663093805 1.820381045 -0.892000675
H -0.521898031 0.098445222 -2.338763952
H -0.749762535 -1.461726785 3.279436588
C -1.132313490 -0.221214712 -0.245256200
C 1.326708794 -0.110516384 1.251491070
H -0.257285804 1.769490957 0.252148628
N 0.100115336 -1.024806857 3.034685850
C 1.793959141 -0.081618778 0.137109205
C -0.864621639 1.230248809 -0.462830961
H -2.070651293 -0.599044979 -0.626613557
C 1.357002258 0.035286848 -1.239033937
C 0.141513243 -0.727035820 1.807050347
O -0.842088461 -0.981576383 0.896963298
C -0.155735373 0.217899978 -1.333877921
