19

C -1.030721426 2.029222488 0.581586301
H 0.117543355 0.671008527 -1.770287633
H 2.832442284 -0.982157886 0.416277260
H -2.238636494 0.595319867 -0.482083857
O -0.559675515 -2.319694042 -1.678439736
C -0.161166072 0.108549498 -0.901473999
N 0.896399736 -0.239054188 0.111006461
C -0.450959593 -1.431326866 -0.905478120
H 2.060431242 -1.672257423 -1.017945409
H -1.110258102 2.767567158 -0.221308559
C 2.167673111 -0.761235356 -0.407750010
H 0.256960362 -2.033449173 1.250643492
H -1.777949572 2.276089668 1.342052937
C -0.085233979 -1.238932133 0.606587946
H -1.014775515 -0.054878540 1.969861269
C -1.274731755 0.624728024 0.032493897
H -0.044412706 2.109717369 1.022722602
H 2.647098064 0.005803902 -1.017928123
N -1.230026722 -0.455020756 1.069463730
