20

H 1.686835647 1.051553845 0.647519290
H 0.249973238 -3.108179808 -2.262650728
H 1.768689275 -1.312534451 0.264991999
O 0.576315105 -2.774332523 -1.414292574
H -2.128670454 0.770032048 0.739490330
H 1.252463341 -0.951098800 -2.131129265
C -1.543186903 0.754888713 1.666176796
H 0.375670493 0.159030765 2.411002874
C 0.821457505 -0.863205075 -0.049730450
C -0.167065352 0.164597452 1.453646183
O -0.215085089 -1.169992924 0.902654231
H 0.837380171 1.723954320 -1.577066302
C 0.728426695 0.648202956 0.293063462
C 0.510773778 -1.361261606 -1.440722942
C 0.139324561 1.583867788 -0.740931511
H -0.476180851 -0.999740362 -1.746877551
H -0.042162076 2.568940163 -0.313587874
H -0.796978593 1.225708127 -1.154191852
H -2.095767021 0.136047184 2.386393547
H -1.482213616 1.753522158 2.066241503
