19

H -0.920678437 -1.600588799 -1.634602308
N 0.332243890 0.091051407 -1.312495112
C 0.236934498 0.600033283 2.446445465
H -1.798049927 -0.819634736 0.229397729
H 0.628357947 -1.583628297 -2.493316889
O 0.571563840 0.429617971 -3.572622538
N -1.496137142 -0.524129450 1.137958765
H -2.059217930 0.221535191 1.487872243
C -0.092401087 -0.144709751 1.158397794
O 0.774707496 1.834850788 0.082621805
H 0.755278885 1.910745263 -2.183712006
C 0.377390444 0.704342425 -0.058969297
H 0.568299949 -1.917126179 -0.726044536
H -0.261217743 1.561077595 2.480288744
H -0.104209475 -0.000883347 3.284310579
H 0.471170545 -1.069865465 1.129081130
C 0.559870541 0.870008349 -2.446939468
C 0.151128024 -1.336330414 -1.540910006
H 1.304965973 0.773634255 2.533237457
