18

C 0.173967570 -1.591097593 0.293989241
C 1.302449703 0.461618125 0.774384022
H -0.612267077 1.313148141 1.093622446
H -1.891680837 -2.432072878 0.201628357
H 1.766352534 0.935918093 1.634120226
C -0.602357566 -0.897633851 -0.797792137
H 0.644081712 -2.539019823 0.079949975
H 0.179721296 0.832507730 -1.793612480
H 1.160559535 2.638207197 -0.609967887
C -0.485339284 0.605397522 -0.959012806
O 0.454659134 2.617389679 0.039708510
H -1.730866790 -0.877485335 1.138824463
O 0.920302808 -0.836362183 1.200956106
H -0.688006878 -1.422456741 -1.733156919
H 2.059376955 0.390559524 -0.036407631
C -1.317498684 -1.526236176 0.380132765
C 0.117474996 1.272426486 0.283229649
H -1.450929403 1.055192351 -1.190595627
