18

C 0.587605953 -0.601480365 -2.238480568
C -0.139753342 -0.078858651 0.207418546
N -1.180222511 1.850787640 1.284914374
H 1.009234190 -1.857426405 0.749141216
H -2.447253942 0.330568135 0.317013711
H -1.245378971 0.458753020 3.001028538
H -0.343329757 2.311841965 0.944381297
C -0.851399720 0.618320823 2.013720036
N 1.781564474 -0.491531104 -1.393243670
H 2.473695755 0.114854112 -1.845422149
H 0.580147266 -0.142235637 -3.223062277
H -0.687621713 -1.871618152 1.423307776
C -1.441747546 0.553913057 0.665898502
H 0.629441142 1.343968511 -1.260234952
C 0.134658828 -1.288284659 0.995324910
C 0.589711010 0.293421477 -1.043904424
N 0.452026457 0.028670756 1.587894082
H 0.098622888 -1.573664665 -2.185694456
