19

N -0.675107837 -1.392650008 -1.691510081
C -0.787656963 0.111084595 0.170529574
O -1.355704308 0.736651778 1.056922078
C 2.875379086 0.591311991 0.375911832
H 3.570305824 1.085463524 1.055712342
O 0.641575933 0.121098928 -0.002032465
C -2.895837307 -0.683430910 -0.920643210
H -3.275254726 -1.710171580 -0.900577545
H -3.255390167 -0.232766062 -1.854138255
C -1.407664061 -0.662536561 -0.822912216
H 1.819872499 1.796807528 2.519390106
H 2.979760408 1.038254261 -0.619107723
H -1.108573675 -2.206578255 -2.096018553
N 1.113531709 1.333883047 1.945385695
H 0.301206023 -1.487078786 -1.451390386
H 3.165248632 -0.456596345 0.301887631
H -3.317944765 -0.108754933 -0.085449457
C 1.480711460 0.722941875 0.850760520
H 0.131542087 1.403066158 2.167280912
