15

O -0.398457676 0.859088719 1.390424132
H 1.759312510 -2.082795382 -2.202467918
H -0.329194605 -1.733857393 1.390983701
C 1.273543835 -1.407425523 -1.493477583
H -1.093424559 2.553773642 0.391718000
N 1.263906837 -0.150968775 -1.729628801
N 0.718015492 -2.006762028 -0.420337290
O 0.589169562 1.919178605 -1.070741296
C 0.106221117 -1.226536870 0.533347666
H 0.774330914 -2.997898579 -0.325165421
C 0.638538361 0.730678678 -0.841062486
H -2.321472883 1.307705879 0.770771384
C -1.416947126 1.808806300 1.134669542
C 0.066322729 0.115463622 0.389487505
H -1.629864454 2.311549425 2.081478596
