14

H -2.028152943 -1.660868287 0.365768313
H 0.152979434 1.804041386 -0.684475422
H -1.989789724 0.982344329 0.923980236
C -1.315926313 -0.949595869 -0.058301762
H 0.383377612 -2.322083712 -0.690807104
N 3.362493038 -0.149442956 -0.899560213
H 0.773350179 0.918404162 1.899253011
C 0.859222472 -0.228824720 -0.357201219
C 2.240063190 -0.195575729 -0.664591253
C 0.100125052 1.018837214 0.072151050
C 0.064109929 -1.318771601 -0.397197634
O -1.886055946 0.000513390 -0.980187953
C -1.328447342 0.499059469 0.228988141
O 0.612650871 1.601963162 1.242182016
