14

H -0.964496613 -2.482702732 -0.669493020
C -0.829817474 0.711668670 0.552067757
N -0.560152829 -0.566213369 -0.044746168
C 0.284330189 1.435917616 0.376981795
C 0.712279677 -0.554928541 -0.540528774
H -0.096852086 3.099475622 1.160435200
H 1.871699572 -2.053637743 -0.622414172
O 1.335434675 -1.531980157 -1.208841920
O 0.664716840 2.677006483 0.720699728
C -1.429638863 -1.629757881 -0.146069646
O -2.553219318 -1.629106760 0.297316819
H -1.787216902 0.886505067 0.996882975
N 1.223889351 0.653931022 -0.301364869
H 2.129043579 0.983822584 -0.570925593
