20

C 1.335522413 0.928685486 0.992377698
H -0.117685884 1.291149020 -1.464181423
H -0.280912846 -1.424553514 -2.673076630
H 1.113908291 -1.888319731 0.491962224
C -0.014359709 -0.954478085 -1.739912391
C -0.695503831 0.383084714 -1.350920320
C -0.924665630 -0.152415469 0.094639607
H 1.068270445 -0.859346807 -1.706539989
O 0.303456783 -2.385764599 0.316195101
H 1.680521250 1.042624354 -0.034289189
H -1.960083246 -0.084399141 0.428025842
H -0.206169888 2.504404783 0.698852062
C 0.202263579 1.820638537 1.425379038
H 0.210651010 2.200850248 2.430484772
H -1.449175835 -2.181491375 -0.615562975
H -1.645847559 0.532178402 -1.879575372
C -0.553243518 -1.582434297 -0.433841199
H -0.134534836 -0.230677828 2.114036798
C -0.035327855 0.352571815 1.204695940
H 2.102916956 0.687693119 1.701250553
