21

H 0.271170408 -1.790401936 2.184732914
H 0.470911741 1.216603875 1.793437600
H -0.189469308 -3.128432989 1.108520985
H 1.191528559 0.385069162 -2.230252981
C -0.009101901 1.432104588 0.837742329
H -0.457046419 2.411409140 0.923868001
H 1.822466254 0.683413088 -0.023857191
C -0.780641615 0.040595002 -1.399324059
C 0.531401217 -2.307926893 1.254376769
C 1.043513298 1.391046405 -0.311544925
H 0.100775555 1.765930414 -2.238423824
O 0.579024971 -1.438621283 0.144729316
O -1.765652180 0.830774248 -0.692015171
H 1.511870384 2.370069504 -0.410981476
H 1.528416872 -2.732615232 1.370076299
H -1.864554048 0.367739648 1.371426940
C -0.656543076 -0.853178799 -0.147584096
C 0.444517404 0.915192962 -1.655115724
C -1.130953074 0.447660595 0.560857356
H -1.182187200 -0.412056357 -2.309370279
H -1.459447742 -1.594375014 -0.131299376
