17

N -1.140640736 0.012667308 1.547919631
N -0.325908750 -0.910039067 -0.357981533
H 1.587422371 -0.883066356 0.503646612
C -1.318231225 -0.785378575 0.560579717
C 0.133155420 2.034797192 1.022098780
H -2.246207476 -1.354641676 0.427392334
C 0.100446865 3.200278997 0.716048062
H 0.857758224 1.244041085 -1.134224772
H 0.448717386 -2.677083015 -1.211231470
C 0.832841396 -0.190914601 0.130635232
O 1.466322303 0.555064738 -0.871915221
H -1.228102803 -2.314737082 -1.609239221
C 0.199753746 0.614303470 1.327749968
H 0.074944913 -1.387671471 -2.346023083
C -0.248798847 -1.872685194 -1.442294836
H 0.042859569 4.232210636 0.487652421
H 0.763667703 0.482854158 2.249187469
