16

C 0.045903735 -0.319549888 -0.804437578
H 1.467694759 -1.346583724 -1.814732313
N -1.705518365 -0.278722763 -2.728254318
H 0.786931157 1.512236238 2.061251879
C -0.149260059 0.475624502 0.442827314
H 1.764690638 1.443313837 0.573626220
O -1.564228892 0.615848184 0.713611305
N 1.385945797 -0.484005153 -1.287512302
H 2.061435223 -0.515656948 -0.536477208
C -0.941124558 -0.278296173 -1.857664585
O -2.675454378 -1.333776593 1.201795816
C -0.273011893 -1.012789249 0.563100696
C 0.749127507 1.543135285 0.976981282
C -1.711160660 -0.752063632 0.894015253
H 0.381477922 -1.796915293 0.937429786
H 0.376551807 2.528201342 0.664438307
