14

C -2.408829212 0.279877722 -0.157082409
O 1.254254460 -1.584810257 -1.031908870
H 1.179222584 -1.372704506 1.041958451
H 2.647331238 -0.837401211 0.220306158
C 1.550716400 -0.869437516 0.137759224
H 1.400479317 1.123299479 0.982113540
H 1.380357385 1.057099938 -0.795795441
H -3.329955339 -0.178923815 -0.478782713
H 0.300208956 -1.625604033 -1.097754478
N -1.050365686 1.626722217 0.767621040
C 1.041069031 0.560296834 0.118580617
N -1.214372396 -0.238176361 -0.427651793
N -2.334639311 1.414060712 0.554782927
N -0.415477455 0.645700514 0.165853903
