17

O -0.702102423 1.158086896 -1.368246794
H 2.575440884 -0.574227095 -0.190043733
H 0.048899692 -1.422111154 -1.788341403
N -1.574833751 1.063447952 0.647158206
H -0.440585613 -1.124256849 2.000987768
H 1.272108316 -1.488183618 1.757809520
C 0.504249930 -0.729608178 1.618997931
C 1.647011280 -0.341671079 -0.688947201
C 0.655020654 -1.438897133 -0.897715092
H 1.715867639 0.426483929 -1.451862931
C -2.233025074 1.947587371 -0.149424121
C -0.649155021 0.619727731 -0.148713544
N -1.782649040 2.052588224 -1.364442348
C 0.386623472 -0.370048106 0.156435385
H -3.084580421 2.509777308 0.187723935
H 0.898080587 -2.427706242 -0.546753228
H 0.763629019 0.139010012 2.225377798
