16

O -1.468178272 -0.833105087 -0.676147461
C -0.674374223 1.418207169 -0.785511732
H -2.596242905 1.010704041 -1.388111472
H 0.190687656 -0.605144799 2.182267189
O 1.845319033 -2.620949984 -0.529830456
H 0.054331489 -2.629619598 0.410301298
C 0.796643078 -0.556599677 0.085806936
C 0.922450721 -0.117044255 1.550732255
C 0.913893700 -2.059783459 -0.017726481
H 1.925977111 -0.379044563 1.925696015
H -2.106713057 2.690598488 -1.516445518
N -1.893647552 1.716089010 -1.299262047
H 0.812877655 0.958027780 1.629589200
O 0.227825046 2.203168392 -0.581504226
C -0.547215164 -0.085807309 -0.477974832
H 1.596365809 -0.109695837 -0.511878967
