14

C 0.435591817 1.476032853 0.131966978
H 0.920316994 -2.858836412 -0.281991422
N -1.442332983 0.547376812 1.126347661
H -1.020612240 2.545475721 1.248601913
O 1.126978159 -0.849712014 -0.759605527
N -0.815647900 -1.747198462 0.307798326
C 1.307997465 2.509535551 -0.219744399
C 0.421667814 0.113078691 -0.124556601
N -0.715355277 1.668800116 0.880520761
H -1.705439806 -2.102630615 -0.002335462
H -0.092734128 -2.277479649 -1.644793868
C 0.293740839 -2.042650938 -0.640039206
C -0.740301847 -0.371698380 0.483012021
N 2.026130915 3.389906883 -0.505181134
