19

O 2.216176271 -0.890752554 0.953276157
C -1.392873406 -0.444910318 0.704812586
H 0.235353991 2.629074574 0.483146548
H -1.446325898 -0.515161395 -1.460656881
H 1.895843387 1.177413821 -0.839083076
C 0.625312626 -0.575745583 -0.848615408
H -0.982889771 -2.030689955 -0.708654940
C 1.485895276 -1.354665279 0.120373078
C 0.258143991 1.534656644 0.530225575
H -0.862752974 -0.955067813 1.516458273
O -1.985665321 1.772748470 1.340878963
H 1.413854122 -2.459126711 -0.000328870
H -2.456514120 -0.638333678 0.832947016
H 0.339260846 1.396291375 -1.623016715
H 0.906370282 1.256684899 1.365844131
H 0.914466143 -0.928752959 -1.849598646
C 0.831023157 0.935672283 -0.762650132
C -0.856338978 -0.951508284 -0.641985416
C -1.138339281 1.042172432 0.886627436
