19

C 2.394994020 1.444420695 -2.349582195
H -1.559313416 -0.777045846 2.269101143
H 0.851119041 2.083550453 -1.112303615
N 0.923385143 -1.544309855 0.979688287
H -2.627355337 -1.579759359 1.099294782
N 3.299974918 1.706858635 -3.011939049
C 1.224264145 1.145178199 -1.521973610
H -1.227124572 1.116294265 0.701900423
C -2.265666723 -0.617792547 1.468824744
H -3.128109694 -0.068865433 1.900743723
H 0.423789591 0.718675911 -2.151257038
N -0.675151110 -0.565427303 -0.432862252
H -2.462961912 0.463911146 -0.371818721
H 2.464698076 -0.114786275 -0.362931073
C -1.653160214 0.174806207 0.320676655
N 1.535350084 0.206522226 -0.467785120
H 0.162756532 -1.824633479 1.579941750
C 0.529594958 -0.612703919 0.011240337
H 1.788915753 -1.354893565 1.451041222
