18

H 2.222031593 -0.071133569 -0.911590159
C -0.686469436 1.641641259 -0.318310887
C 0.805243075 1.520362139 -0.116893068
C -0.018062668 -0.641966879 -0.968800008
C 1.220529079 0.171974152 -0.559458613
H -0.952727258 1.983186126 -1.315413475
H 0.249537885 -2.929150105 -0.704992652
H -0.211991057 -0.679073572 -2.038590431
H -2.046278000 -0.136941075 -0.165427744
C -0.085940741 -1.702525735 1.052904725
N 1.070755363 0.450883150 0.895229936
C 0.057720881 -1.967439294 -0.248989418
H -1.177420497 2.304853201 0.396432668
C -1.005192876 0.165396005 -0.093819834
H 1.475089312 2.365560770 -0.092564642
H -0.645984948 0.146166831 2.132641554
H -0.024545776 -2.407738686 1.870355248
C -0.246293873 -0.214054763 1.187286973
