21

C -1.794711232 1.359420180 -0.468737036
O -0.123403393 0.036410987 1.818026066
H 1.923205256 -1.627917051 1.754665494
C -0.235227495 -1.371474385 -0.079726651
C -0.753242254 -0.730142593 -1.388123989
H 2.573299170 -1.127619386 0.180144891
H 0.350088388 -2.262712479 -0.291786671
H -0.113172352 -0.989488065 -2.230445147
C -0.630187213 0.809537888 -1.145240784
H 2.577378273 0.001012552 1.537122011
C -2.762816191 1.834511995 0.052838858
H -1.044343710 -1.645578027 0.580006719
H 1.509945512 0.788016975 -1.000873923
H -3.613934040 2.238841057 0.541783035
H 0.781693339 1.836218834 0.205121756
C 2.013089180 -0.796765029 1.056318521
H -1.768470526 -1.030891776 -1.634977937
H 0.334536761 0.742434084 2.284379005
C 0.667985976 0.897634327 -0.323358387
C 0.627806962 -0.297431380 0.659237742
H -0.519519508 1.335981727 -2.106373549
