17

H -1.508818269 -2.653470516 2.359507084
C -1.020056248 -0.706955612 2.764648438
C 0.797139585 2.332949400 -1.439845324
H 2.279847145 0.681178272 -2.983939409
H -2.561053276 -0.933074296 1.211507082
N 1.037867546 3.433081150 -1.202064633
N -0.818981528 -1.963382602 2.071917057
H -0.164654881 0.940167785 -2.641081095
C 1.790477872 0.183224842 -2.148739576
H -1.781051040 -0.623779476 3.544488430
C 0.490918994 0.925676465 -1.761794209
C -0.218637317 0.296120644 -0.647558093
C -1.486690640 -0.855827987 1.362738848
C -0.779797077 -0.235483810 0.266578197
H 2.490321159 0.165828228 -1.305093527
H -0.115875266 -0.144490242 2.966638803
H 1.569043636 -0.841762006 -2.417907953
