21

O 0.181730822 3.020309448 0.719583213
C -0.581380665 -0.733062029 1.416640639
H -1.264444709 0.721805334 -1.272999883
H -0.357996702 -1.210341454 -2.778788567
H 0.394659966 -1.036723375 1.812530637
H -1.656873465 1.140353203 1.095571995
C 0.477676004 -1.673824191 -0.724166811
C 0.545446157 -1.244058251 -2.172583818
C -0.663366795 0.728573799 0.905909061
C 0.364975512 1.762522578 1.369712591
C 0.774807632 -0.211416975 -1.099728346
C -0.599309385 0.230530128 -0.558412611
H 1.376281619 1.388367295 1.216568708
C -0.807030618 -1.237428904 -0.030804560
H -1.333914280 -1.010104418 2.149229527
H -1.716465116 -1.809538126 -0.211856678
H 0.333784312 2.887860298 -0.226826072
H 0.223428071 1.945219994 2.439012289
H 1.719389558 0.305079669 -1.001767755
H 1.420600057 -1.557144284 -2.708820343
H 1.168002367 -2.406980276 -0.338002115
