19

H -0.116323680 -2.883373022 -0.156458408
C 0.672007859 0.572223186 0.289779931
H -2.193792343 -1.341506958 -0.057219543
H -1.688654065 2.110138178 0.338788152
H 1.384916782 0.208121881 -1.747880578
H -2.702082157 0.953274488 -0.530106902
C 1.502560019 -0.511432528 0.982217908
C -1.170828700 -1.049209237 0.171669334
H 0.961603940 1.900391817 -1.429435015
H 0.709305286 1.420623302 0.981989026
C -0.284854382 -2.151166677 0.639525950
C 1.418731928 0.993492424 -0.999821842
H -0.748353958 -2.690052032 1.472520590
C -1.679447770 1.310827732 -0.404940784
H 2.460830927 1.216368675 -0.754075408
H -1.362416863 1.756489873 -1.343973994
O 2.594712257 -0.276827008 1.391521215
C -0.759760320 0.199588388 0.033059157
O 1.001845002 -1.737972617 1.122841477
