14

C -2.881865263 1.132217646 0.119745202
H 2.148489952 0.105472274 -1.282636881
H 1.800168157 -1.266820431 1.432353973
H 1.315531492 -1.429694295 -1.017509937
H 2.572436810 0.305253774 1.184737682
C 2.357839823 -0.655569077 0.724433720
C -3.994234324 1.843694091 0.479806334
N -4.931135654 2.433641195 0.776922822
C -0.793777585 -0.289713770 -0.632137060
H 3.308843613 -1.165283561 0.506859541
O 0.371970832 0.255283833 -0.298036277
O -0.962803841 -1.309267282 -1.235010386
C 1.589300632 -0.485674888 -0.557542741
C -1.900764704 0.526460230 -0.201985940
