20

C -0.140779600 -0.093284547 2.190600634
H -0.585730433 -1.744138718 0.712142467
H -2.665687561 0.032791093 -3.457112789
H 2.712591648 -0.091923781 -0.018776696
C -1.086014986 0.290071696 -2.066829443
H -1.143787503 0.586857975 -4.173303127
H 2.600167513 1.232420921 1.148371816
C -0.688119531 0.573102117 -0.970607281
C -0.189878121 0.936156213 0.348862439
H -1.975326419 0.324729860 1.287708044
N -1.105339050 0.793704569 1.532071590
H 0.816241682 -2.044610023 1.842799544
C -1.572657228 -0.065649472 -3.391727209
H -1.324224710 -1.096956730 -3.666422844
H 2.833266973 -0.437106282 1.714376211
C 2.319187403 0.187928885 0.969327092
H 0.026577374 -0.028597152 3.257838488
C 0.158794522 -1.323580027 1.373504758
C 0.833221853 -0.005667111 1.028554678
H 0.177494824 1.973750830 0.338621646
