16

C -0.699414670 1.026124358 -0.257460952
C -0.100225508 -1.029253125 0.038213689
C -0.478979886 0.132180169 0.962743878
H -0.780128360 -2.273037672 -1.673974872
O -1.224750280 0.068053909 2.125166893
H -2.148557901 -0.058723740 1.856262207
C 0.486734569 0.142955720 -0.746141195
O 0.881034851 0.573289275 1.351041675
H 1.998624444 1.629636645 -0.095749594
H 0.561674476 -1.792556167 0.440643370
C 1.634519935 0.613872290 0.090999298
N -0.693269074 -1.326469660 -1.268224597
O 0.197785392 -0.552388549 -2.004891634
H 2.475211382 -0.076528966 0.127025083
H -0.516257882 2.090294838 -0.113636605
H -1.594001651 0.832550168 -0.832016110
