23

O -0.556642294 1.052736998 -2.506497383
C -0.355921090 0.808996677 -0.010076113
H -0.187977523 1.689970732 0.635613561
C 1.420172930 -0.075259395 -1.472008824
H -1.584585071 -1.598481774 0.759692430
H 1.063490629 -0.199442491 1.282254696
C 0.242554769 -0.486413062 0.607452214
H -0.256435007 -2.263770819 1.686705470
H 0.102044016 -1.758762717 -1.136288524
H -0.273274630 3.050248146 -1.810878158
C 0.262765855 2.178221226 -2.188389540
H 1.643174529 -1.933835030 -0.288609445
C -1.290427685 -0.626891017 2.659337997
H -0.474088997 -0.349920154 3.335855246
H 1.630067587 -0.349743307 -2.502117157
C 0.314880997 0.963181436 -1.378185868
C 0.875218213 -1.213496566 -0.595944703
H -1.837654233 0.279736638 2.401661873
H -1.425620317 0.722445726 -0.169661254
H 2.355887175 0.321461231 -1.031860471
C -0.750605166 -1.321881056 1.402401447
H 1.065224171 2.389943361 -2.890320778
H -1.982249141 -1.279044628 3.209862709
