19

H -2.152469158 0.954910994 -0.010913846
H 1.726435423 0.280751973 -1.816286683
O -0.170814753 -0.405010909 -1.469412684
H -1.144768715 -1.885444283 -0.447743773
C 0.992446661 0.237498820 -1.016671658
C 0.700666189 0.749162376 1.046961546
C -0.951624095 -0.811003268 -0.331694275
H 0.877967238 1.108151674 2.042375088
H 2.485701084 -1.955963373 0.289753586
C 0.673839211 1.549147367 -0.242881984
H 1.501463413 2.251624346 -0.266546875
O 2.513645649 -1.095153570 0.711164355
H -0.151166692 -1.185995817 1.753226161
C -0.013531035 -0.611399174 0.845796585
C 1.379359603 -0.421968132 0.351993799
C -2.287167072 -0.093460739 -0.245982021
H -2.910155773 -0.541150808 0.537921607
H -0.245746046 2.067779779 -0.541364729
H -2.824081182 -0.192477137 -1.189694047
