14

H 2.381957531 0.270290464 0.671127439
H -1.843034148 0.591296971 1.483762145
H 0.294292599 1.426582694 -1.070094109
C -0.114825860 -1.166134119 -0.938926220
C 0.255045861 0.961911559 0.923812866
C -1.241568446 -0.683646679 -0.075459361
H -0.173065767 -0.683198333 -1.935305953
C -1.052328110 0.293598771 0.810770094
C 1.379001617 0.265958339 0.252129614
H -2.216961384 -1.163447618 -0.189835116
H 0.442973047 1.536203861 1.826346517
N 0.911434948 1.541313529 -0.274628341
O 1.165424347 -0.953792870 -0.374831229
H -0.188346505 -2.236936569 -1.108868480
