20

H 0.564980149 1.724430561 -1.103802681
C -0.858001053 -0.303109318 0.021257617
H 0.563200593 -2.244982481 -1.029223800
C -1.151895285 1.176539660 0.125946313
H -2.775705576 2.597017765 0.405191749
O 0.542186558 -0.494851470 0.055295262
N -0.261399269 2.064244032 0.902820766
C 0.945346832 -1.836725354 -0.077354379
O -3.479259729 0.716804147 0.215693489
H 2.895958900 -1.311870456 -0.844919920
H -0.662097514 3.071363688 -0.957869709
H -1.329991937 -0.835616171 0.864548087
C -2.586673498 1.518260360 0.250767499
H 0.498381704 -2.437529564 0.720824122
H 2.795877934 -2.935909033 -0.136918768
C 2.467699528 -1.897321939 -0.033686936
H -1.280141592 -0.706365108 -0.902691185
H 2.832900047 -1.504352212 0.903477252
C -0.263498932 2.149886131 -0.556503475
H 0.542131901 1.490087152 1.177149057
