14

C 0.391383946 -1.130486488 -0.817743123
H -1.483203411 -0.840037405 -1.804241180
H -0.023441153 -0.921299338 1.689804792
C -1.150521398 0.739927649 -0.372270137
N 0.938904822 -0.551167727 1.603544593
C 1.336841583 -0.614659369 0.177398995
H 1.685513973 1.389821529 1.106860757
N -2.308130503 1.229634523 -0.519920409
O -0.224478632 1.332576036 0.462744504
C 0.941111088 0.656603336 0.834851265
H -2.374066353 2.089957476 0.017064011
C -0.761284888 -0.490756422 -1.066853762
H 0.642540157 -2.036547184 -1.352074981
H 2.388830900 -0.853566766 0.040835213
