15

O -0.584831119 1.227075100 1.401271105
H 0.150620028 -0.168719068 -2.214020729
H 0.746793270 -2.082260847 -0.263482362
O 0.822769284 1.287275195 -0.300700068
O 0.546097577 -1.030778885 -1.972310543
H 2.143163443 -0.043539044 0.580971181
C 0.447240531 -1.093180060 -0.586903572
C -0.890313148 -0.670231342 0.067334190
H -1.738594890 -1.345175624 0.185238019
C -0.507285476 1.527647018 0.062707648
H -0.818197846 2.537432194 -0.197510004
C 1.112434506 0.002119770 0.289715350
O -1.317857981 0.554340422 -0.560068905
C -0.092018500 -0.091595881 1.277031422
H -0.020019796 -0.610408962 2.230727434
