22

H -0.141234249 1.811071992 -1.306779504
H 2.594069004 -1.028331757 -0.340749741
H -1.212876916 -2.361191034 -1.738637447
H -0.762733579 -0.130193368 -2.532665253
O -2.183240414 0.754723847 1.212148309
C 1.045433998 -0.094284721 -1.316053152
C 0.227203384 0.972642124 0.725409389
C -1.115927100 -1.590913534 -0.966329992
C -0.420726001 -0.371941209 -1.537894011
H 1.615008235 -0.284672409 1.909609675
N 1.641340375 -0.726146936 -0.159732372
H -0.857049823 -0.675642729 1.618243814
C 0.021328917 0.875633001 -0.794401765
H -2.195498943 1.696018338 1.018306851
H 0.347687602 2.038129807 0.966714501
H 2.383990765 0.967549086 0.933159053
C -0.883220434 0.416435659 1.620506525
H 1.692874432 0.136169121 -2.151933193
H -0.542095423 -2.028079748 -0.151424810
H -2.120784521 -1.340764642 -0.605521202
C 1.561277866 0.232342869 0.950370848
H -0.694827974 0.731446803 2.647653580
