15

C -0.194603458 -0.088381760 1.015886068
O -0.912950814 -2.078366518 -0.181570008
H 1.950293779 -0.411932141 -0.796831369
H 2.009313583 1.321363330 -1.305092812
H -0.030879766 1.824372053 -0.006498633
C -1.354982257 0.455027044 1.732641935
N -2.260423422 0.867308974 2.293326378
C 0.028685166 0.325517148 -1.634637475
H 0.648876846 -0.076673724 1.719151258
C -0.502753437 -1.585977197 0.828500688
C 0.162593931 0.767294407 -0.207029507
H -0.333193272 -2.191756010 1.735844612
C 1.393189549 0.483096361 -1.019673824
H -0.293395132 1.064153552 -2.343709707
H -0.309771329 -0.675045550 -1.830307841
