15

C 0.928001106 -0.140131712 1.247701168
H 1.374746561 -0.587156236 2.132172823
H -0.242757380 -2.219823360 1.835619092
N 0.868479133 1.577927709 -0.361739993
H 2.241538525 1.577314854 1.217955470
C -0.144137651 -0.756941497 0.607774734
C -0.701749742 -0.195766553 -0.547409594
C -0.172583416 0.980968893 -1.029122949
O -0.717141986 -1.918086886 1.030730009
H -1.846939445 -1.812617421 -0.948888421
H -1.901900768 -0.643149555 -2.139828920
C 1.424478769 1.045829058 0.751122832
N -1.807958364 -0.833172739 -1.155648351
H -0.553408206 1.477932811 -1.898825407
H 1.251332879 2.446872473 -0.741612017
