20

H -0.908358097 0.400717258 2.622218609
O 1.143217564 0.100071408 2.054286480
C 1.406651258 0.646073639 0.737633765
H 1.840392113 -0.762928605 -2.059604168
C 0.801843703 -0.443227649 -0.183925733
C 0.115142077 1.564846754 0.834588349
H 1.171425223 -1.424324512 0.123522997
H -1.836739302 -1.436818600 -0.895148158
H 1.262218595 0.887676001 -1.804370522
H 2.423523188 0.998410940 0.593199432
H -0.780068994 0.138902068 -2.297461987
O -0.115321435 -0.516017139 -2.481578827
H -2.693652630 -0.747554839 0.497207165
C -0.216470048 0.418989182 1.787038445
C 1.000919223 -0.165243983 -1.671831012
H 0.180052266 2.632548809 1.029294133
O -0.855633438 1.161546230 -0.132316947
H -1.567796111 -2.085988045 0.724416435
C -1.744311213 -1.164286256 0.154525310
C -0.627034009 -0.203392640 0.368306518
