22

O 0.735476911 3.327512980 -0.379973680
H -2.036864281 3.662252903 0.955484211
H -1.066028476 -3.210122347 0.087325022
H 1.185114503 0.819745302 -0.650084257
C -0.476730078 -0.614631772 -0.563354373
C 1.290199399 -2.264996529 -1.179347515
H -0.631387413 4.687325001 1.334074616
H 0.364748776 -3.557282209 1.070842862
H -0.831987023 -2.373265982 1.606359601
H 1.149633408 -1.183154941 0.677318096
C -0.311009675 -2.768836975 0.736783445
H -0.961376965 3.191161871 2.253017426
O -1.601726055 -0.851499498 -0.893224835
H 1.992470503 -2.998104334 -0.811459363
C -0.990325570 3.664720058 1.278942943
O -0.512298644 1.585741520 0.273632556
H 1.841189384 -1.495617151 -1.715024829
C 0.102299035 0.781765163 -0.743862867
C -0.158821031 2.882294416 0.293153614
H -0.160133347 1.153887987 -1.726541638
H 0.619520962 -2.754083157 -1.892372966
C 0.458036184 -1.684812307 -0.011688176
