19

H 0.083249450 -2.429908514 0.189267606
N -0.270933926 2.151674271 0.015673682
H 2.013895750 -1.035503864 1.047106624
C -0.574434936 0.876629770 -1.984281301
C -0.450370938 -0.186667681 1.741606951
H 2.102881670 0.679943740 0.560853958
C 0.061625425 -0.272280216 0.274506390
C 1.447667599 -0.099658176 0.948728085
H -1.246749282 0.524598241 1.959209442
H 0.076899037 2.137125015 0.977652669
O 0.831528664 0.279762477 2.187410116
H 0.350985855 -1.669654846 -1.370415926
H -1.473325253 0.270557046 -2.162603378
C -0.285292894 0.989158392 -0.524028361
H 0.233787358 0.381892145 -2.513836384
H -1.268532872 -1.709093213 -0.684015095
H -0.724357605 1.861116290 -2.394791603
H -0.694684327 -1.167202234 2.179522991
C -0.213838667 -1.582488894 -0.447566569
