18

C -1.590282559 -0.423780799 -0.358182490
C 0.750880897 0.513517201 0.202902883
H 1.471614361 -0.282802790 2.071733236
H 0.423861980 1.459521890 0.629720628
C -0.640665829 -0.645597398 1.875976920
H 2.143784046 1.453013659 -0.806683123
C 0.755865276 -0.549452364 1.286015272
H 1.061317325 -1.497969031 0.850034118
C -0.166432053 0.580058515 -2.229457378
O -2.554630756 -0.441496909 -1.066203475
O 0.271805465 -0.730837047 -1.897646546
O 2.065223694 0.658666193 -0.299913466
H -0.899141133 0.269532770 2.413511992
O -1.659065247 -0.887891650 0.903026164
H -1.089936256 0.642150640 -2.801269054
C -0.245400757 0.089445829 -0.855637968
H 0.622796953 1.269880533 -2.494235754
H -0.721594691 -1.475959063 2.576307297
