19

H -0.003089122 -1.867759585 0.666010678
H -2.043065071 -1.771173239 -0.775736809
O -2.396319151 2.389076948 -0.674236655
H 0.165382996 2.335361004 -0.012245922
C -1.326440930 -0.958914876 -0.740330398
C -1.716339231 1.432603121 -0.448185951
O 1.310488939 0.231875733 -0.483433425
C -0.565668285 -0.946241856 0.575935423
H 0.905086458 0.323070467 1.534812093
H 3.098333359 -0.482325345 -1.087830186
H 2.919236898 -0.397026926 0.682026386
H 2.125714540 -1.685781360 -0.239837110
C 2.395442247 -0.634288192 -0.261701554
O -2.092764854 0.239141762 -0.946941793
H -0.812058389 1.908165812 1.368036747
H -0.627832294 -1.068615437 -1.572363615
H -1.256363511 -0.872871578 1.421129823
C 0.365507334 0.276502848 0.585391641
C -0.445251495 1.549200416 0.409500301
