24

H 0.764268517 -0.061808325 -3.089321852
H -1.246614814 1.738036036 2.298668146
C 1.724303007 0.029253095 -0.518670022
H 0.363079369 -1.624681592 -2.354201555
H 0.402157545 -0.967324495 1.728544474
O 2.216035366 -1.275622606 -0.310149431
C -0.514525771 1.855859160 1.493512392
H -2.025518656 1.514371037 0.017798616
O -1.609059691 -1.383666873 2.083408594
C -0.503955245 -1.276608109 1.207601786
H -0.402953625 2.920929909 1.312401772
H 1.824876904 0.547012866 0.438414603
H 2.311159611 0.584948003 -1.249819994
O -0.176813602 1.425788641 -0.927560210
C -1.013113618 1.179514289 0.221283197
C 0.275181472 0.058507342 -0.983174980
H 0.440660596 1.458530664 1.832462788
H 2.374638557 -1.686136246 -1.175250530
C 0.111546934 -0.559214294 -2.366557598
C -0.811363220 -0.352985322 0.043210816
H -1.685950756 -0.763445675 -0.475383103
H -0.313571095 -2.287405014 0.816780508
H -1.588782549 -0.612902761 2.658819199
H -0.915685236 -0.460950196 -2.702817440
