21

H -0.007087869 1.847379923 -0.028453629
H -0.397871017 0.490549028 1.837842584
C 0.362633109 -0.291525871 1.569450617
C 0.304028004 1.309641361 -0.933372617
C -1.325206637 -1.513062716 0.233450994
H 1.310022831 0.221029162 1.499782801
H 2.129156590 0.962965906 -2.052164793
H -2.249940395 -0.688076437 -1.656378150
N 0.423207730 -1.963123918 3.574587584
N 0.069541521 -0.973175406 0.332641184
C -1.720941067 -0.403147578 -0.753226876
H -1.865514278 -1.558556557 1.174910188
H 0.206350967 -0.657400787 -1.744869113
C 1.820978045 1.432067752 -1.128128648
H -0.206740528 1.798947692 -1.764589429
H -1.304059982 -2.512724161 -0.213340610
H 2.125149727 2.474390030 -1.160176039
C -0.202497885 -0.117048822 -0.882075489
H -2.256508350 0.419932336 -0.267460585
H 2.377494335 0.954739332 -0.322551727
C 0.407804936 -1.233800650 2.684122324
