17

H -1.942788720 2.264805317 1.665561199
C -0.845661223 0.596681952 0.857511938
O -0.385054410 1.729130030 2.850848436
H 1.779939294 0.654040575 1.109849453
C 1.392664909 -0.136745051 -0.818159759
C 0.118542172 -0.572349310 0.853228152
C -1.080589652 1.598203301 1.864202261
C -0.100859262 -0.608282924 -0.716221511
N 1.531813383 -0.219616696 0.649425805
H 1.540040970 0.840955555 -1.264502645
H -0.883844852 -1.404600620 -2.393633127
C -1.074503422 0.542788327 -0.498398393
H -0.061492559 -1.408770561 1.532966375
H 2.052566767 -0.868579924 -1.309434295
N -0.553321958 -1.728053689 -1.496734977
H -1.694900751 1.094859600 -1.194029212
H 0.207449794 -2.374465942 -1.692479730
