18

C -1.623085856 -1.645558476 1.370008707
O 2.451026678 1.828196883 -1.041204929
H 0.198037192 3.054226398 0.463051051
H -1.521243930 1.280132890 0.955906510
C 0.890703917 -0.003794687 -0.663264513
H -2.170704603 -2.592166662 1.292056084
N -0.676849604 1.091247082 0.465332389
H 2.516993046 2.769023657 -0.902035475
C -0.332407683 -0.139120623 -0.064019382
H -1.847460389 -1.347413659 -0.656510890
N -1.119285345 -1.285709620 0.041838124
N 1.676115394 -1.030933619 -1.254975677
H 1.943494320 -0.794811606 -2.187000275
C 0.292564660 2.025967121 0.156629726
H 1.125072002 -1.875177979 -1.290804982
H -2.295776844 -0.906801224 1.814134002
H -0.780703664 -1.788396239 2.038697481
C 1.273510456 1.361089468 -0.537838221
