17

H -2.798674107 -1.148130536 -0.052943185
C -0.664255679 -1.332491755 -0.543477714
C 0.407215416 -0.500114560 -1.131999135
H -1.036774278 -1.630224943 1.668015599
H -0.767163277 -2.345417500 -0.874548137
C -0.836514175 -0.887211978 0.901201129
H 2.453404427 1.350933433 -1.261852503
H -0.300038755 1.089038372 1.693794489
C -1.900810599 -0.569650233 -0.079548240
C 0.728444576 0.611101449 -0.141014352
H 0.949301362 -0.137322024 1.856370091
H -2.008186340 0.454548717 -0.423617482
O 0.492772162 1.933819413 -0.686801255
C 1.840152860 1.525973320 -0.387775362
C 0.153447002 0.238768399 1.202262878
O 0.983945072 -0.682408273 -2.183249712
H 2.303734303 2.028788567 0.445182651
