19

C 0.626796663 0.380337238 1.138812065
H 0.149580702 -2.408908367 1.549435139
C -0.442328066 1.919059515 -1.229732394
H 0.553001523 1.472234130 1.098774791
H 0.261760712 0.095520481 2.133667707
C 0.209916607 -0.464496404 -1.345485806
O -0.540234447 -2.552130222 0.901710451
C -1.199003577 -1.335632324 0.633366287
H 0.596027195 2.165995598 -1.002735496
H -1.954558969 -1.561845422 -0.122525379
H -0.106445380 -1.334798694 -1.906618118
C -0.272227556 -0.273454785 0.071606338
C 2.022438765 0.002911207 1.064200044
H -1.093946934 2.546312809 -0.612297356
H -0.632748723 2.180795431 -2.273772478
N 3.131420851 -0.316964328 1.008282304
H 1.207493544 -0.100082658 -1.581217170
N -0.804912567 0.523891687 -1.031717777
H -1.712029696 -0.938744903 1.506246567
