19

O -2.394225597 3.211031675 -0.002231978
H 1.214386344 1.258247972 -0.620383799
C 0.117380999 -1.687638760 0.865451217
C 1.104107618 -0.869788527 0.037266381
N -1.022102714 1.504119396 0.696955562
C -0.866343260 0.773923218 -0.501543581
H -0.200283244 -1.167362452 1.759241581
O 0.795100808 -0.260055453 -1.993860483
H -1.884688139 2.926563740 1.937153816
H -0.777007878 -1.908900976 0.279941440
O -1.785202622 0.464549214 -1.206918120
H 2.467593670 -1.477628112 -1.620434999
H 1.992506623 -0.659031391 0.629753709
C 1.409669518 -1.400643945 -1.369218588
H -0.411404788 1.266697288 1.463342428
H 0.913357973 -2.332095146 -1.652932405
C -1.825049877 2.617179155 0.864692330
H 0.568016171 -2.633446932 1.169641137
C 0.584188282 0.374280959 -0.735915482
