20

H 0.778243721 -1.638755441 -2.514736652
C 0.122308508 -0.124470122 -0.959546447
H 1.841987491 -1.479547381 -1.105062962
H -0.755608320 1.337915778 2.594906330
N -1.328061700 1.849859834 0.533083260
C -0.686831951 0.990698695 1.565202713
C -0.450360835 -0.947923303 0.172200173
H -0.981777251 -1.121962428 2.219830513
C -0.150448427 -2.251959324 -0.518024504
C 0.137550667 1.801220298 0.632271111
C 0.897725463 1.093371868 -0.490579009
H 1.111177325 1.801251888 -1.302355170
C -0.757152319 -0.479962915 1.376120806
H -1.677705407 2.697445154 0.967868209
C 0.812851965 -1.431952953 -1.444048882
H 0.276010275 -3.059541464 0.057455797
H 1.852657557 0.769975305 -0.092035785
H -1.009366393 -2.642424345 -1.081099749
H 0.638262689 2.661396503 1.038269401
H -0.671463609 0.175364241 -1.649718881
