18

C -0.407560259 1.263819218 0.476549625
H -1.924922228 1.271034002 -1.079886556
H 0.282207876 1.976152182 0.942238927
H -1.801046252 2.800045967 -0.193615645
C 1.220458627 -0.670702755 1.011497378
C 0.390034646 0.081448726 -0.045851205
H 2.247797966 -0.330995083 1.052141666
C 0.456873983 -2.128890038 -0.568522751
O 1.165151954 -2.046895504 0.643157005
H 0.803957641 -0.553867400 2.017845154
H 1.151386380 -2.086805820 -1.439214468
H 1.047984362 0.420712262 -0.844490767
H -0.084368020 -3.081655502 -0.603069723
N -0.438741446 -0.994076014 -0.633901477
H -1.068346858 0.919203341 1.268674731
C -1.229119420 1.958683014 -0.601520240
H -1.225327611 -1.162366033 -0.021757565
H -0.586421072 2.365155935 -1.380274415
