14

N -0.424688727 -2.746238708 0.459617347
H 1.328793526 0.825278580 3.996972322
C 0.783060074 0.537960291 3.135113478
C -0.469912618 -1.640994906 0.727874994
H 0.147821069 -0.376266003 -3.487348557
C -0.540801167 -0.180856362 0.962309659
N -0.120076157 -0.055518579 -1.477155805
O 0.734250486 1.488116860 -2.949527502
C 0.295735210 0.409473181 -2.725576401
O 0.198834762 1.790286303 -0.147802353
H -1.605733514 0.073849037 1.089095235
C -0.083375446 0.656049848 -0.279237598
C 0.194453955 0.221837014 2.145031452
H -0.438361496 -1.002976418 -1.449366093
