20

C -0.605001509 0.315643519 1.772912979
H -0.264947474 0.133910432 2.789349318
H 0.689277351 -3.126807928 -0.598294914
O 0.611567676 -1.665244222 1.286328793
C 0.105951197 -0.307339340 -0.614066601
C -0.455647677 1.777796149 1.337740541
C 1.259545803 -2.476803780 -1.244371295
H 0.668361723 -0.865889490 -2.445522547
C 0.100722022 -0.649789095 0.853089035
H -0.293876678 1.144785523 -2.069569826
C -0.349227965 0.903239727 -1.010751009
H -1.011786699 2.436596870 2.006978989
H 0.601011395 2.069903851 1.427756071
H -2.015390158 1.922175646 -0.156828821
H -1.672029138 0.037368264 1.756764531
H 1.417297482 -2.989589214 -2.199220657
C -0.919301331 1.948039293 -0.115137912
H -0.629301667 2.943860054 -0.476993412
N 0.533434808 -1.246895671 -1.526010275
H 2.229341030 -2.304960966 -0.774153411
