13

O -1.086192846 0.078757755 -2.495197773
H 0.635479569 -1.752081513 0.071208864
H 2.099564552 0.553214014 0.208256021
H -0.214755774 0.651371002 1.845144033
H -0.624269485 -1.828580499 1.398576975
C 1.089757442 0.928708851 0.036437284
C -1.006382942 -0.240383372 -0.091421574
C -0.529196858 0.164248109 -1.449077249
O 0.733068883 0.677797496 -1.331673503
H 1.080763817 2.001958370 0.208817139
C 0.030937843 0.236369371 0.881350577
C -0.126963571 -1.236980200 0.634201467
H -2.081810713 -0.234399185 0.083377711
