21

H 1.122319937 1.333197355 -1.017825365
O -1.617164493 -0.899606764 1.949311614
O 1.546561360 -0.905008554 2.481642485
H -0.725535035 2.009931564 0.373877555
H -2.324463129 -0.330809355 -0.818740666
H 1.509655237 -1.861029387 2.501878262
H 1.762633324 0.014616596 -1.994005203
C -0.090617172 -0.478301734 -0.986993849
C -1.421395421 0.078694969 -0.351876616
C 0.334373802 -1.117774963 0.380058199
H -0.334522754 -1.264724374 -1.702999592
C 1.493257046 -0.485751480 1.145340681
H 2.430189133 -0.680092275 0.606002450
H -2.466551542 1.773441911 0.456723362
H 0.477482557 -2.195547342 0.344745845
H 1.388030648 0.610449910 1.182388783
H 0.385730594 0.927577019 -2.561802387
C -1.044926763 -0.707278013 0.929462671
C -1.578278899 1.576008797 -0.148752481
C 0.850199282 0.507966340 -1.669315338
H -1.696977973 2.094039679 -1.099119902
