21

H -1.225446463 1.162121534 -2.425045967
H 0.011460207 -0.823973715 -1.582352519
H -1.434413552 0.379764080 0.060947768
O 0.520596266 0.802976906 -3.504419804
H 1.981568694 -1.086535096 1.351250887
C 0.282744586 0.171215400 -1.237413049
C -0.347517312 0.476654083 0.114196591
H 1.368518829 0.208536953 -1.143221140
C -0.566139698 -0.108416721 2.566034317
H 0.150838926 2.188817978 -1.992182851
H -1.086411357 -2.168893099 0.674235284
H -0.162956655 -0.724140882 3.377727509
C -0.047475982 -1.890261769 0.911338508
C 0.185594544 -0.419159770 1.264278650
O 0.854911327 -2.703714848 0.913094461
H -1.630514383 -0.303543389 2.478482723
C -0.135172531 1.166976571 -2.298692942
O 1.562399626 -0.217563957 1.429419994
H -0.420429021 0.935013890 2.818211555
H -0.132027820 1.508477449 0.413334161
H 0.269872069 1.445648313 -4.189224720
