14

H -1.268637657 -0.207673013 1.881170392
C -1.007694602 0.524593294 -0.189423740
C -0.503917754 -0.170292497 1.111499071
O 1.282802224 1.395070672 0.350206256
H -0.432832271 2.044087648 1.354866385
C 0.352442652 -1.300245643 1.045563817
H 1.272897243 1.597085595 -0.598097742
H 1.672998428 -3.129056215 0.962854743
C -0.529331088 0.107926123 -1.473523855
H -2.035062790 0.855665386 -0.159272715
H 0.280255586 -0.470797658 -3.499034643
C -0.027971204 1.226718068 0.750991285
C -0.109223083 -0.191850632 -2.550613642
C 1.053274751 -2.281231403 1.012814522
