20

H -1.334925175 -0.927594066 -1.200527310
H 2.065620661 -0.504264891 0.694689572
H 1.233599901 -2.401467085 -3.244995594
C -0.011702704 0.047139578 0.175803348
C 0.155426472 1.962398529 1.518360734
C -0.482684731 0.241995066 2.485998631
H -0.171494991 2.649389029 2.313916206
H -0.463501006 0.434201062 -1.877762079
C 0.409578413 -1.739550233 -2.965352058
H -0.543302357 -0.836045146 2.596273899
C 1.121158123 -0.017803174 0.876875043
C -0.895329714 0.878705144 1.120934010
H 0.686891794 2.488463163 0.733241081
O 0.643419266 -1.283041596 -1.667186499
H -0.867315710 0.761086524 3.373784542
H -1.930636764 1.088033199 0.860585392
H 0.371592432 -0.911053121 -3.677544594
N 0.903860807 0.777236521 2.116427660
H -0.533807278 -2.294170380 -3.048538923
C -0.356447905 -0.413657874 -1.184982538
