16

O 2.533665657 0.367810160 -1.483733296
C 2.093721867 -0.182019040 -0.504901052
C -1.151472330 -0.814009309 0.234260246
H -1.720609665 -1.653327227 -0.129504234
C -1.015589833 -0.510952175 1.672122121
C 0.750976682 0.062621877 0.064559385
H 2.654282570 -0.969995260 0.035240985
C -0.599491000 0.255822510 -0.721910357
O -0.890375137 0.325518399 -2.046472073
H -0.563305974 -0.466181666 -2.481732607
H 0.557982206 2.046814919 -0.741186380
H -0.406375408 1.892545700 0.815133572
N 0.157313898 -1.022699237 0.926450074
C 0.030717382 1.406228185 -0.055865254
H -1.019424796 0.504744053 2.061048031
H -1.412015915 -1.242922068 2.356490850
