20

C 1.058633804 -0.132636994 1.249742150
O -1.175096035 -0.750601053 -1.524554968
H 1.096381903 0.684200704 1.983997107
H 1.266680598 -1.394227982 -1.281172156
H 1.625782251 0.206550121 -1.979355574
H -2.183671474 -1.323971272 2.924659967
C -0.241716713 0.066092908 -0.820446968
N 1.928229690 0.139822423 0.096308365
H 1.332531691 -1.044719934 1.808389187
C -1.396762848 -0.727296114 1.288438559
C 1.237218022 -0.304585010 -1.101705909
H -1.502619028 1.839375973 -0.730749547
H -1.325182676 -0.349816918 -2.379996300
C -0.281711638 -0.270682991 0.650836229
H 2.840157747 -0.282344401 0.195826843
H -0.412273318 1.786499619 -2.122203112
C -0.489427090 1.561134696 -1.059419036
H -2.295092344 -0.892584145 0.728048325
O -1.328677058 -0.979322672 2.608823538
H 0.246615201 2.169113874 -0.535466015
