14

C 1.050574541 -0.816920698 -1.041626334
N 0.603472650 1.290896535 0.058238629
H 1.830852509 -1.443345070 -0.604631066
H -0.325415820 -1.713550210 0.431957155
C -1.363512635 0.778056741 1.406938314
H -1.225400209 1.777943134 1.811586618
C 1.471988440 0.648498893 -0.884015679
H -2.335904598 0.725316525 0.936557114
H -1.130807638 -0.982883453 -0.932069719
H 0.985770404 -1.080090642 -2.099162340
O 2.368940830 1.195130467 -1.444897056
C -0.296394467 0.464342445 0.423065990
H -1.366375208 0.046623800 2.219341993
C -0.267788172 -0.890018284 -0.281283408
