16

C -0.656836629 0.894865453 2.894575596
N -0.909637094 0.532966971 3.951880455
C 0.861475885 -1.791760802 -0.839945257
H -1.068762183 2.107893944 1.216816664
C 1.049115062 -2.867414713 -0.334610224
H 0.650250971 1.901363373 1.594707489
O -0.269161791 0.272929132 0.668525636
C 0.045054287 0.597490430 -0.625095367
H 0.453665167 1.609302640 -0.769968212
H 1.453645229 -0.201454595 -2.139372587
H 1.205740929 -3.808404446 0.122496396
C 0.673492253 -0.521296144 -1.446402669
C -0.316400766 1.375951529 1.547731161
H -1.548602343 -0.653809190 -1.446458220
H -0.888945043 0.552920580 -2.653520107
C -0.734093726 -0.001544450 -1.741360545
