17

H 0.614551663 1.134937406 2.624646425
O 1.511994123 -2.159617662 0.516137600
H -1.852069855 0.624005318 0.381583661
C -0.783163905 0.592674434 0.128934011
H -1.003968000 0.202252820 -3.241648674
H 1.702608824 -0.244024873 2.439835310
H -0.447743952 1.638438821 0.119431667
N -1.239805698 0.508371949 -2.307853460
C 0.235387996 -1.091007590 -1.208476424
H -1.637065887 1.430998921 -2.239601135
H -0.596912742 -0.842048764 1.733295679
H 0.494164407 -1.717563272 -2.057926655
C -0.590674877 -0.021495961 -1.250783801
C 0.720348239 -1.316212058 0.134670258
C 1.088769197 0.470197409 1.899858475
C 0.044344421 -0.276318908 1.062549472
H 1.739235997 1.066411853 1.265348315
