17

H -1.332050800 -1.699929714 2.916417837
C -1.162091374 -0.678174734 2.604504585
H 0.414729923 2.332617521 -1.968867540
H -0.390972823 0.031949483 -2.596451283
H -2.104522467 -0.133100092 2.621420860
C -1.020047665 -1.056703091 0.040133417
O 1.140963793 -0.980898499 -1.565236807
O 1.592226148 0.364041954 1.370779276
C 0.250370234 -0.501118898 -0.587594807
N -0.573487282 -0.626946628 1.285321236
C 0.393546015 0.202590987 -1.874084234
C 0.658146620 -0.125965685 0.821135521
O -2.017323256 -1.626829743 -0.300765157
H 1.821527719 1.636977077 -1.159892321
H -0.466463625 -0.201847136 3.296743155
H 1.673375726 1.550670147 -2.915188789
C 1.122073770 1.512666821 -1.988374710
