13

C 0.354210466 0.296080261 -1.533934832
C -1.923835754 -1.253804445 0.979233682
C -2.680808783 -1.734523535 1.834490776
N -4.179253578 -2.686494589 3.531409979
C 2.315122366 1.404510140 -0.832107186
C -1.163153052 -0.753528953 0.114460811
C 3.015019178 1.644956470 0.099519178
H 1.997146487 0.592542052 -2.750255585
H 3.628619909 1.840426326 0.936560333
C -0.381239414 -0.216771483 -0.726765871
C 1.446043253 1.103388190 -1.964268327
H 1.048794866 2.005588531 -2.425393343
C -3.476666451 -2.242368937 2.737050056
