20

C -0.382299632 -0.497378856 -0.256254673
C -1.827474833 0.113096587 -0.293305188
H -1.650501847 2.357730865 0.111685462
C 1.169725537 0.857365429 1.328596354
H 1.161585689 -2.924302340 -1.795247912
H 1.529497504 -1.183903575 -1.963292003
C -0.381987184 0.866760492 -1.022703528
O -1.666882634 0.527593493 -1.680095553
H 1.816293001 -2.016875744 -0.420148045
H 0.185072273 -1.108865142 1.838209867
H -0.721674204 1.321990848 2.453486681
H 1.746812344 0.863094866 2.240447283
O -0.191955104 -1.706032753 -0.914448977
H 1.684347391 1.258303404 0.465656608
C -0.304649234 1.093958378 1.469309330
C 0.201207921 -0.299776971 1.136724949
H 0.371457666 1.342539072 -1.658935905
H -2.772107363 -0.327315897 0.008996590
C -1.106804252 1.421070218 0.233297929
C 1.140337110 -1.959052086 -1.281979561
