21

C -0.901801825 -0.664363563 -0.381078124
H 1.021407843 -2.924034834 0.260866284
C 1.414664030 -0.262765437 -0.809298396
H 1.537977815 -0.923479557 -1.663296580
C -1.661214948 1.938023448 -0.323655725
C 0.491313338 -0.827482760 0.290080130
H -1.245182991 2.915905714 -0.097984731
H -0.571531177 0.277464420 1.889680624
C 0.907980680 -2.099108219 0.981208086
H -1.038385749 -1.075296402 -1.385803223
H 0.952375948 1.105771303 1.426845551
C 0.137959957 0.462333798 1.075217724
H -1.716878891 -0.983031332 0.262472749
C 0.584362447 0.989855707 -1.163528681
H 0.169354662 -2.412840366 1.726154923
O 0.831584036 1.852905273 -1.962098956
H -2.082771063 1.982646585 -1.323058724
H 1.868906021 -1.972773790 1.492867351
H 2.405554295 0.013803348 -0.441029549
C -0.616370320 0.859365582 -0.235677615
H -2.489304066 1.747100949 0.381116420
