17

H 1.322308898 -2.129238367 0.388888568
C -0.703155398 1.547844052 0.579238236
C 0.942374766 -1.822089434 -0.569069922
H -1.042000532 -1.213537455 -1.970553994
H -0.186322257 3.695946455 0.334539801
H 0.746847272 0.163882777 1.390373707
H 1.766443849 -1.430869222 -1.170159221
H -0.190791279 -3.379891634 -0.736797810
H -1.573684454 1.610265136 -0.070339642
O -0.964158952 -0.908659101 0.741204619
C 0.088055231 2.755758762 0.808606148
O -0.722407162 -0.397196621 -1.570539474
O 0.389691889 -2.893264532 -1.322629213
O -0.814518988 2.280560970 1.795267820
C -0.127549544 -0.763988376 -0.385075063
H 1.152284622 2.673923016 1.068273544
C -0.083418004 0.210553899 0.688771665
