18

C -0.016101072 -1.191326022 1.618242264
C -0.426539779 0.709234715 -0.050894249
O -1.640657544 0.168421417 -0.559241891
H 0.711296797 -1.918236852 1.982865334
C -0.624794304 0.492264003 -1.498275638
C 0.937722862 -1.173992753 -0.742581487
H -0.855002940 1.308462620 -2.181531906
O -0.135451362 -1.902078629 -1.329427719
H 1.455879331 0.175210580 0.812034130
C -0.489530623 1.979783654 0.591259122
H 0.637942731 -0.706926882 -2.931409121
H -0.896930575 -1.735599518 1.268795729
H -0.526896834 3.984665155 1.645362377
C 0.236965552 -0.670760214 -1.932529926
C 0.555052280 -0.360626191 0.488994539
H 1.902764201 -1.648121834 -0.797708750
C -0.504732728 3.045816183 1.150972605
H -0.320986003 -0.556189358 2.465074778
