23

C -0.128719389 0.224602535 -0.129045784
H -0.224741995 0.104002245 -3.437056541
C -1.726547837 -0.101117432 1.171919227
H 0.891523182 1.506939173 3.000661135
H -2.465237141 -0.842757285 0.862400293
H -2.046946049 0.399479002 2.082424402
N 0.346259147 0.091464221 -1.451791525
H -0.405016124 2.129651308 1.943008542
O -1.440078497 0.821221411 0.077926442
C 1.272408843 -1.008623958 -1.611596107
C -0.319080234 -0.674387634 1.109586835
H 0.857394814 -2.102640152 1.516042113
O -0.097361960 -1.992956758 1.432985544
H -1.245660067 1.083844185 -2.361357450
C -0.693209291 0.143492222 -2.454966784
H 0.820192039 -2.002302408 -1.468240023
C 0.673649311 0.470021516 1.111813664
H 1.682932734 0.097794607 0.982792258
H 1.691584468 -0.967067301 -2.623806477
H 1.278507710 2.494131327 1.580062270
C 0.603000104 1.719793081 1.952483296
H 2.093102217 -0.919753551 -0.893725097
H -1.417955518 -0.674830019 -2.392519951
