19

H 0.106146313 -2.247448683 1.084524512
H 1.711406469 2.581013918 -0.981085718
H -1.610415101 -2.454050303 0.738636672
C -0.778022587 -1.761262059 0.682972550
H -0.596005082 -0.132624030 2.260525465
C -0.958419442 -0.329351515 1.252839208
H -2.013994932 -0.007878305 1.204605222
C 1.061811686 1.936439276 -0.410936624
H 1.738501072 0.629273295 1.259345531
H 1.993839860 -0.067546353 -0.360765338
H -1.364117265 -0.981054664 -1.267775893
O 0.065333217 2.570598364 0.375954896
C 1.360562801 0.588948846 0.239986286
C -0.444428951 -1.092590570 -0.679516196
O 0.520854414 -1.751635194 -1.434861779
C -0.154161394 0.217591360 0.068837859
H -1.097184896 1.903741002 -1.299175501
C -0.356563002 1.597620606 -0.575490475
H 0.814857066 -1.199784517 -2.158620596
