21

H -1.712899446 1.906718731 1.065975547
C 0.200071067 -0.479210615 0.185016915
C -0.493323535 0.742677867 -0.250571102
O 0.856923044 0.468914300 -0.645430386
C -1.145998120 -0.138310075 -2.597844601
C -0.705086052 1.941101789 0.647178411
O -2.649442673 1.033675909 -1.178628802
C 0.774033844 -0.720208228 1.556279778
H -0.075613841 -0.111934841 -2.775655985
H 0.983672857 0.237340480 2.047566414
H 2.824775696 -1.017534494 0.899530172
H 0.039854392 -1.237771153 2.164940834
H -1.689854622 0.275277287 -3.444764853
H -0.634591401 2.856137753 0.061009586
H 0.022451755 1.990859151 1.444978595
C 2.067970037 -1.534827471 1.482290387
H -0.060275953 -1.399848819 -0.322188228
C -1.536058784 0.596893311 -1.355143309
H 2.476728678 -1.712662220 2.493381500
H 1.889290452 -2.508878708 1.025760770
H -1.432627678 -1.188409567 -2.503682137
