19

C 1.133781195 0.302836210 0.301883131
H -0.084104218 -0.337155938 2.806883812
H 1.700073361 -0.316926956 0.988442719
C -1.113654256 1.046777844 -0.311873794
H -1.772184730 0.228630990 2.362885952
H -0.854814112 0.310925663 -2.358798504
C -0.711665392 -0.026740020 -1.344223738
H -1.318485260 -0.929353297 -1.228451967
H -2.176550627 1.037194014 -0.060004134
C 1.010284543 -1.889521956 -0.952680409
H 1.425823450 -0.048770156 -1.827523470
C -0.705155194 0.303163290 2.181381702
H 2.071995258 -2.148200035 -0.703737020
C 0.773446977 -0.403755754 -1.038912177
C -0.208557904 0.747771800 0.868009865
H -0.874193668 2.050935030 -0.689058661
H 1.725464225 1.206987500 0.110815868
O -0.214483216 1.625780702 1.978880882
O 0.192978948 -2.760578632 -1.083919883
