16

H -2.319910765 -0.044392407 0.617552638
O -0.792261243 0.264190555 2.625273705
C 0.611696959 -0.696200013 -0.295370132
H 0.343216687 -2.502022743 0.263660967
C -0.275726765 0.453146905 0.278007239
C 1.383688450 0.351182103 -0.963802576
N 0.522001624 -0.553954124 -1.746623397
H -2.042308807 1.606362104 0.036113396
C 0.013509404 0.575806856 1.776814580
H 1.026720047 0.931402087 2.002103567
H 2.413485527 0.527478874 -1.190409303
C -1.725195169 0.562076151 -0.072421335
O 1.032917857 -1.834118009 0.339581162
O 0.570431948 1.408495307 -0.442823052
H 1.138822794 -1.287716389 -2.132222176
H -1.901088119 0.238262683 -1.095435739
