17

H -1.579273224 -1.994022012 0.761465907
C -0.728511810 0.913994491 -1.663240790
C 0.609283864 -1.201475263 1.734289408
H -1.023472667 0.113650441 2.236070871
H 0.500681520 -0.767436028 -1.146222115
O 1.480305195 -0.291020095 1.210947037
O -1.689388394 -1.062839866 0.710729837
H -0.616310894 0.751699746 -2.735162497
O 0.872501254 -2.252135992 2.228302240
H -1.657981396 0.437180817 -1.333796859
C 0.368242502 0.459423333 0.572929561
H 2.379901409 0.572705150 -0.969796658
O 1.626287937 0.953544199 -1.417598009
C -0.640703499 -0.417924315 1.365019798
C 0.449792862 0.301977277 -0.928983331
H -0.783059120 1.977359533 -1.479055166
H 0.431704372 1.505318522 0.854100704
