14

H -1.411237240 -0.040768128 0.342335522
C -0.496553272 0.377294421 -0.104012750
H 0.374063253 0.548747003 -2.064859629
H 1.789765358 -1.015592933 3.332791090
H -0.041519459 -0.067370787 2.394587040
H -0.566595435 -0.937284589 -1.804651856
H -1.737336159 0.649735391 -3.040858984
O -1.700542927 0.783946812 -2.095782518
C -0.542537153 0.140443653 -1.604305744
C 0.824291110 -0.404856801 1.818879724
N 1.868977904 -0.914908707 2.328576326
N 0.649218321 -0.250247866 0.476340562
H -0.511801720 1.460931540 0.088201493
H 1.501807213 -0.330069095 -0.067239918
