19

H 1.440914035 1.389733076 1.295221686
O -1.019574404 0.638447821 1.510874867
C -1.297978640 0.656010747 0.105746336
C 0.021341542 -0.243559510 1.857099056
H 2.219101906 -0.156258419 1.764642715
C -0.433925569 -0.028414063 -2.150564671
H 1.756402016 -0.738726914 -0.717028499
H 0.403997809 1.511064529 -0.917017043
C -0.050399553 0.526408136 -0.777141213
H -1.839267254 1.589496255 -0.069965631
C 0.186940640 -1.362278342 0.797896504
H -1.225062132 0.557358503 -2.610133886
C 1.357191324 0.301004440 1.295689344
H 0.422323287 -0.027965441 -2.821817398
O -0.045543682 -2.523226976 0.752438128
H -0.801775455 -1.059217453 -2.064572096
H -0.091744013 -0.486343652 2.918421268
H -1.980488539 -0.175070480 -0.118076436
C 0.977547109 -0.368462384 -0.051713236
