18

C 0.348571032 -1.812644243 1.421797633
C 0.934001684 -0.166225851 -0.587059379
H -1.874823332 -0.001179870 1.075559974
H -1.187709451 3.195194483 -0.354380876
C -0.090902485 -1.195738792 -1.088029027
N -0.959241092 0.221661881 0.763370752
C -0.038568981 -0.827744186 0.355103880
N 1.219734311 2.154241800 -1.252836704
H 0.751645088 -1.308172822 2.301321507
C -0.781532526 1.383617520 0.055527709
N -1.600108743 2.356906891 0.079295151
H 1.100338221 -2.509355307 1.046582222
H -0.902222097 -0.840928972 -1.695824504
H 0.758239090 3.078205347 -1.185517311
C 0.535136521 1.252518773 -0.681780696
H 1.988484740 -0.422405511 -0.601133823
H 0.324716032 -2.148605824 -1.388365746
H -0.525757790 -2.409345150 1.736368775
