19

C -0.301578969 0.806927621 2.004947424
C -0.051506083 1.686922073 0.801431894
O 1.305904865 -1.442268372 -0.090407453
H 1.699987292 2.446697235 -0.356041551
C -0.081525877 1.139910102 -0.604775667
H -0.452904493 2.699843645 0.896001577
H 0.148716748 1.238004327 2.910116196
H -0.358874738 -2.566086292 -2.406106949
H -1.378988624 0.697391331 2.189315081
H -1.374777198 -0.317117870 -1.262920618
C 1.227741122 1.547501802 0.019278841
N -0.434817255 -0.214072138 -0.929248452
H 0.118828177 -3.487691402 -0.960101724
H -0.475436747 1.821325064 -1.354837418
H 1.903801560 0.757212520 0.307846755
H 0.120702676 -0.186630920 1.866917491
C -0.409790397 -2.601191044 -1.303664684
H -1.456658721 -2.663877249 -1.021870613
C 0.251176566 -1.362800002 -0.705879927
