19

C 0.683103323 -0.532817721 -1.167197585
C 1.404629350 0.495946497 1.034091592
H 0.464096129 -2.846560001 -0.826952100
C -0.656656682 0.169536084 -1.208959937
H -0.463943094 1.562683582 1.886311650
H -2.137263536 -1.449511290 -0.371882468
C 0.214894205 -1.818215847 -0.602999508
C -0.639153600 1.452390790 -0.322653085
C -0.119090594 0.955090880 1.053638458
H 2.140215158 1.099909306 0.504547238
C -1.143661976 -1.051642895 -0.301901996
C -0.498104930 -0.536772251 0.984797299
H -0.625823081 -1.103444099 1.897820473
H 1.746004939 0.339874238 2.069074869
H 1.543745995 -0.336576492 -1.802642703
C 0.869908214 -0.767037570 0.328385592
H -0.015641721 2.241086245 -0.748813808
H -1.120969892 0.291341752 -2.180236816
H -1.646288157 1.834719062 -0.224427462
