14

C -0.527786672 0.521698654 -0.966224849
C 0.459876835 -1.452005863 0.159051076
C -0.478918165 -0.210258454 0.276068509
H 0.724920094 1.799509287 3.171407700
H -1.480228543 -0.610320270 0.502871692
C -0.036023136 0.603236556 1.396131516
C -0.572825372 1.104397535 -2.030009031
H 0.772059560 -1.686987758 2.044072628
N -0.644104660 2.333467245 -4.233137608
C -0.616905212 1.774797440 -3.213083029
O 0.454896301 -2.224468231 1.315116763
C 0.374105960 1.223796844 2.346612453
H 0.105403431 -2.074681282 -0.658633113
H 1.465529442 -1.102181315 -0.110245518
