18

C -1.066691279 0.727405667 -0.251745701
C -1.159021497 0.582980156 1.282665968
H -0.911876023 -1.191968441 -1.547996879
H -0.737492800 1.429249644 1.834112287
H 1.997802854 -0.454295933 -2.246110678
C 1.980005026 -0.821845353 -1.179406285
C -0.618402243 -0.746379197 -0.606981933
O -0.873554111 -1.573699236 0.492321134
H -2.193212032 0.416245222 1.615956783
C 0.842936277 -0.226712808 -0.384118736
C 0.346682578 1.205427051 -0.654140234
H -1.935492873 1.150462270 -0.725485623
H 0.814736009 1.984394193 -0.049226571
H 0.410214186 1.477112770 -1.715581298
O 0.996517897 -0.449914634 0.992183864
C -0.339331448 -0.708455205 1.464102507
O 2.764142513 -1.621862054 -0.766756237
H -0.317962646 -1.178144097 2.446207762
