19

H -1.858822107 0.359458596 -0.647691548
H -2.646220684 0.317420304 0.983668029
H -0.625510633 -2.937531710 -0.529824555
H 1.889337063 2.518754005 -0.179057389
C 0.826875985 0.652592361 0.342831343
H 0.345729172 0.712788403 -1.786514521
H 1.686509728 0.263723701 0.903386891
H 1.023710728 -1.919663191 -1.984178066
C -0.981667459 -1.170052886 0.716341197
C -1.773325801 0.089341730 0.390778512
C 0.976716757 2.160419464 0.341396391
C -0.432912648 0.208407521 1.071153760
C 0.956561804 0.102595247 -1.100861192
H -1.359972835 -1.770791650 1.536414385
H -0.453531921 0.474866241 2.125044584
C 0.560891986 -1.346775532 -1.204870701
H 1.991974354 0.245411202 -1.446469307
O 0.215281695 2.939071655 0.855099857
C -0.341625243 -1.900035381 -0.386647850
