19

O 0.479251295 -1.015825987 0.940416694
H 1.483618498 0.413897693 2.022341967
H 2.753817558 -1.124979973 0.537801802
O 0.937795877 2.372348547 0.186137393
C 0.671456039 1.201264620 0.152237713
H -1.659274340 0.560132802 1.769087553
H -1.216377854 1.166064858 -0.864038408
H -2.814684868 -0.212870061 0.688769102
C -0.381575942 0.500439942 -0.692118824
C -0.756695628 -0.672294676 0.232300088
O 2.589282751 -0.193568170 0.391777545
H -0.483438820 -0.463742197 -2.638564587
C 1.352850795 0.087691568 0.979502678
H -1.990284681 -1.162934422 1.927382708
H 1.107735753 -0.565044761 -1.881794691
H -1.004947424 -1.559188366 -0.341764361
H 0.564040482 0.943773866 -2.594120026
C 0.238953203 0.078047588 -2.027375221
C -1.871521950 -0.353212804 1.212020755
