21

H 1.365178108 1.486081719 1.823968172
C 1.549694419 1.359826088 0.743959665
C -0.601067245 -1.258603573 -0.176587760
C 0.632960737 -1.180389643 0.795498192
H -0.481085449 -0.859021008 -2.352252245
O 0.423762888 -1.317070723 2.160517693
H 0.736642361 -2.005378246 -1.766285539
H 1.482396007 -1.824647903 0.545655191
H -1.270407319 0.328592986 1.176310062
H -2.629811049 0.816814959 -0.950309217
O 1.041548610 -0.033280648 -1.184731007
H -1.691953659 2.171941280 -0.333944947
H 2.605124950 1.137451291 0.607081115
H -1.364034414 -2.036715984 -0.094460778
C 0.704805672 0.248138532 0.194852665
H 1.339432836 2.318378925 0.245011434
C 0.152805999 -1.114161730 -1.506430030
H -1.102003694 1.269610643 -1.726661325
C -0.857391655 0.242532790 0.162062317
C -1.617429733 1.170195222 -0.764845848
H -0.419167906 -0.920295060 2.401592493
