19

H 1.076621532 -2.270927191 -0.849961221
H -2.177742004 0.086542971 0.181935206
C -1.168299675 -0.193636730 0.499551177
N 1.075637937 -0.204671994 -0.459318727
H 1.244763851 -1.802783608 0.826196730
H -0.371078491 -0.339923233 -2.123275757
C -0.098885275 0.649771988 -0.155015916
C 0.718376875 -1.583081126 -0.092425399
H -0.646081388 2.572795153 0.610245407
C 0.259061933 0.322446287 -1.557370543
H -1.118538380 -0.039517913 1.578832746
H 0.765868008 1.075357676 -2.176779509
O 0.853384972 1.835638285 1.722552776
H 1.629300952 1.287692428 1.564661264
H 0.904338360 2.535461426 -0.219030544
C -0.808912992 -1.634454131 0.108102128
H -1.308904290 -1.935135365 -0.804683149
C 0.256342888 1.990116596 0.458927304
H -1.085254669 -2.351691961 0.886855900
