15

N 2.859367132 -0.365407586 0.925971508
H -1.662124515 -0.678066790 -1.178380728
O -2.626719475 1.193128467 0.266125560
H -1.401680470 2.068295240 -1.063577294
N -0.004956799 -1.735840321 -0.829567134
H -0.934931278 2.400035143 0.604809165
H -2.610978842 0.885420203 1.176816463
C 1.696165562 -0.461990625 0.398663759
C 1.155758977 -1.665378571 -0.274930805
C -1.330227733 1.631866336 -0.072390862
N -0.745183110 -0.616088688 -0.773604035
C -0.333140790 0.504686058 -0.109822050
N 0.812880576 0.633580923 0.455775738
H 1.752710342 -2.558605671 -0.314337224
H 3.373060942 -1.235633969 0.788447797
