19

H 0.146851927 -2.753860950 -0.212286979
H -1.763848662 -1.148494363 1.157781243
C -0.837424755 0.775256574 1.428555608
H -1.325708032 1.131810904 2.322448492
C 0.166089401 1.626374006 0.670572102
H 0.949866176 -1.679105878 1.761688709
H 1.460335732 -1.882784486 -1.013900399
H -0.071596861 0.980489671 -2.756686449
C -0.509665966 0.793364644 -1.762674451
H 1.514495373 0.802594006 -0.867483377
C 0.471422940 0.782836676 -0.574539125
H 1.061278582 1.812594891 1.273496509
H -0.245700419 2.612675905 0.423976213
O 1.566930175 -1.805979252 0.999594510
C -1.026991487 -0.409020245 0.859189093
O -0.808306098 -0.603731751 -1.602442145
H -1.388198018 1.430845618 -1.615229368
C 0.766318262 -1.835979104 -0.168814063
C -0.126147807 -0.629886746 -0.323245287
