21

C 1.556053400 -1.030078411 0.341952294
C 1.207201838 0.401203394 0.300383538
H -0.566232741 1.215956569 2.177162409
H -1.927550912 1.603204012 1.131280780
O 0.309830338 -2.349772930 -1.258236766
C -0.609353900 1.163268447 -1.284335732
H -0.215913653 0.504028201 -2.066485405
H 1.788727283 1.170789242 0.812681377
O 1.874081135 -0.223860383 -0.806242108
C -0.853272021 -0.848573506 0.305359811
C -0.839678347 1.554939508 1.174182057
C 0.305673122 -1.844855905 0.053839531
H 0.232106432 -2.705308437 0.725271344
H 0.830462098 -1.726078868 -1.777940512
H -0.449077457 2.568315506 1.045396090
H -0.151533678 2.137843847 -1.424579620
H 2.401698589 -1.432781935 0.876390040
H -1.703474879 -1.066759825 -0.349546224
H -1.694098711 1.266864181 -1.419232130
H -1.192584753 -0.959625304 1.330732822
C -0.303063303 0.601282179 0.111966304
