16

N -0.493202567 0.446404994 -0.141682953
H -1.596533179 -2.119758606 -0.521570325
H 2.046240568 -3.523731470 1.108831525
H 0.706978381 2.094528198 -1.941037655
C -0.787718832 -1.511013150 -0.147601604
C -1.223064423 -0.348909348 0.815444589
H 1.247723460 3.238656759 -0.692906141
C 0.517421424 2.509335518 -0.963334441
O 1.425423384 1.189485073 0.836885452
H -0.820080698 -0.384787321 1.815045714
H -2.296601057 -0.146728843 0.834868789
C 1.237069249 -2.937277079 0.748159647
H -0.474967897 2.941408634 -0.985392094
C 0.328593493 -2.296948195 0.328873634
C 0.560637772 1.353954315 0.021505198
O -0.377918482 -0.504620314 -1.116089344
