19

N 0.936446011 -1.088786960 -0.684712827
C -1.549175024 0.810414910 0.104555815
H -0.595011055 0.815326333 -1.930783510
N -0.228537798 0.644203961 0.674079776
H -2.427670956 0.755133390 -1.904036164
O 1.376252174 1.072545290 2.240850925
C -1.506785631 0.583542585 -1.387434244
H 1.061111689 -2.079403162 -0.816902459
H -2.319973946 1.362494111 0.626321793
H 2.551045656 -0.421136230 0.542574108
H -0.185958639 -1.463422060 1.054873824
H -2.312495947 -1.341821432 -0.435985774
C -1.522150874 -0.597807944 -0.452874690
C 0.224273682 1.021898270 1.913399577
C -0.137876913 -0.784258842 0.204327464
H 2.945694447 -0.823272765 -1.154985309
H 2.079069853 0.676599205 -0.733531475
C 2.197923422 -0.392999619 -0.489865720
H -0.586180091 1.250751495 2.630128145
