19

H 0.502795994 -2.192949057 -1.852928996
C -0.603062987 0.499935895 -0.122505940
C 1.532927036 1.600592494 0.355343223
C 0.600388885 -0.322119534 -0.596568108
H 0.046218079 1.061597705 1.858093143
H 2.734791994 -0.071011193 -0.648901403
H -2.657488108 -0.261377096 0.059656218
H -1.614360213 -0.719696462 1.405411482
H -0.997490942 1.029660344 -0.984476268
H -1.977774143 -2.500138044 -0.820297897
C -1.644109845 -0.548283935 0.323812693
H -0.427250713 2.451570511 0.888557911
H 1.656086802 2.449790001 -0.318344384
C -1.233778119 -1.832628131 -0.393441588
O -0.103733018 -2.492081165 0.171165496
C 1.753971219 0.280349165 -0.374328166
C 0.057281371 1.481062174 0.857585013
C 0.132820189 -1.665396094 -0.985011458
H 2.241766453 1.751122355 1.177179098
