23

H 0.483845204 -2.195750237 1.732467294
H -1.450652957 -1.348952055 -0.551890731
H -0.920695782 2.310108662 -0.059985019
C 1.543047428 0.271030962 2.167191505
H 0.813630939 0.633776844 2.908996344
H -0.019410713 1.873533010 -2.382750750
H 2.497463942 0.193181604 -0.506673455
C 1.461631536 -0.130266815 -0.423453271
H -1.610105038 0.698855639 -0.064163059
H -1.368498445 -2.966860771 0.310771942
O -1.384696484 -1.261565804 1.591768622
H 2.201685190 1.101902604 1.910545945
C -1.167316198 -1.895059347 0.326640159
C -0.784137070 1.293066263 -0.451317579
N 0.507917047 0.868167400 0.002138557
H 2.119386673 -0.528490365 2.604934216
H -1.790977359 2.008337736 -2.220557213
O -1.074628949 0.075642526 -2.445163250
H -1.053859711 0.107672341 -3.416568279
C -0.040601306 -1.438821912 1.161189437
H 1.146079779 -0.864465296 -1.159132361
C -0.910767972 1.389222980 -1.961741209
C 0.801659763 -0.194266170 0.926751733
