14

H -1.773876548 0.997277558 0.958660722
C -0.788885415 0.452502906 -0.934674144
H -1.001200914 0.039511111 -1.909807205
H -0.092318125 2.185287714 -0.159704268
H 2.674115658 -0.598788917 1.639425755
N 1.130690336 0.271614701 0.524735034
H 1.641737819 -2.951966763 0.542947650
H -2.845290661 1.188873172 -0.516610980
N 0.301312536 -1.607579112 -0.363476276
N 0.225885361 -0.295387894 -0.255509943
C 1.847337127 -0.747304261 0.971101701
N -0.808471024 1.892316818 -0.807778776
C 1.330475450 -1.927727818 0.422676086
C -1.841511488 1.101370692 -0.111985385
