21

C -0.809093237 -0.324991405 2.281503439
H 0.079709716 -2.344339609 -0.265849918
H 1.925312400 -0.798387945 0.374832183
C -1.503905296 -0.892751515 -0.599661827
H -2.338351250 -1.523616433 -0.291627347
H -0.251006663 0.080020525 3.138407230
H -1.417904258 -0.972841144 -1.684840083
O 1.701689005 1.501017570 -0.851989627
C -0.213903114 -1.343497396 0.046628796
H 1.302579641 0.061890770 -2.297430038
H 1.292514563 1.582261205 1.113352776
C 0.884978771 1.094668627 0.219021440
H -1.775509477 0.141219273 -0.373343527
H -1.325253844 0.516690969 1.791858912
C 1.207637310 1.141900897 -2.129716635
H 1.801110268 1.677663207 -2.865823746
C 0.902349710 -0.406374902 0.437856346
N 0.096017547 -1.089058042 1.451215029
H -1.574923038 -0.998565197 2.694310904
H 0.154528186 1.417591810 -2.258540154
H -0.138577119 1.479498625 0.069836095
