20

H -0.055360001 -0.170349315 1.872820616
H 1.602644920 -1.504938364 0.862462699
H 1.140851259 1.288786769 -1.379744411
H 0.224118277 2.534413576 0.385430038
H 2.043406010 -1.279934287 -0.840814471
H -0.122266002 -3.144971371 0.161605343
C 0.124353275 -0.282748371 -0.282716870
C 0.109610327 -2.353055716 -0.546073377
C -0.251310587 0.425225198 0.991830826
C 0.288091838 0.619539142 -1.497842312
H 0.210076571 2.251865625 2.163226604
H -2.101434469 1.207317114 1.968045831
O -0.873690784 -1.319067597 -0.555076599
H -2.046949625 1.453873038 0.162322164
C -0.123955466 1.925235271 1.195737481
H 0.235648721 -2.814938545 -1.537828803
C 1.208282471 -1.367533207 -0.145214245
H -0.598689675 1.224886656 -1.659386158
C -1.478516340 1.285646319 1.074077010
H 0.465089470 0.020748816 -2.392861605
