19

C 0.320133895 -0.880491316 0.278831035
C -0.681483328 -0.853722572 -1.568860888
C 0.775378883 1.251537800 1.510265589
H -1.926023364 -1.411216259 -2.873003483
H 0.384619087 1.931613564 2.270463705
C -0.688561022 -1.837142348 -0.396250367
H -0.021098839 -0.584734499 2.392902851
H 1.307695985 -1.329216242 0.449292004
C 0.827864826 1.925836802 0.180840760
H -1.145259976 0.268842697 1.329526424
H 1.787809968 0.980714023 1.866900802
H 0.479510874 1.779067159 -1.923364282
H -1.657982945 -1.905067801 0.098412894
C 0.533099532 1.294718146 -0.951769352
H 1.090314746 2.987340212 0.154190108
N 0.301736921 -0.075184472 -0.963626504
H -0.344022125 -2.845717192 -0.619766831
N -1.247780800 -0.674619555 -2.693242550
C -0.095951721 -0.022558782 1.458258390
