18

C -0.536440909 -1.021419764 -0.563826144
N -0.034684122 -0.734184980 1.852243066
H -1.351137161 0.308683395 -2.715469837
H -1.664757371 1.749484897 -1.742405176
H -0.100074820 1.535535336 -2.473854542
H -0.723727822 -2.493649960 0.981820166
C -0.421273053 0.290014803 -0.773098528
N 0.190915659 1.154275894 0.171100944
H 2.242656231 1.661798596 0.690473735
C 0.466224074 0.571053922 1.501233339
C -0.920206547 0.998011708 -2.001272678
H 0.355063975 1.268634200 2.322926998
H -0.990240276 -0.609528840 2.162520409
C -0.067857012 -1.677267194 0.713691056
C 1.578046679 0.812048495 0.553544819
H -0.979438066 -1.646913767 -1.337641716
H 2.027905226 -0.047336157 0.073591664
H 0.929025590 -2.119240999 0.584422231
