13

C -0.018376749 0.645568073 0.105144650
H -0.220676422 4.275211334 -0.491514236
H 0.194576785 0.905035913 2.282101870
N -0.039863829 -2.635176420 -1.368613005
C 0.152644768 0.185478926 1.472184300
H 0.040198114 -3.542421818 -0.918439269
N 0.252184093 -1.040351868 1.819669127
C -0.084685795 -0.301612884 -0.854333997
O 0.192239389 -1.996017933 0.843435705
C -0.107849613 2.040135145 -0.148729682
H -0.211480901 -0.066421114 -1.901032329
C 0.017546818 -1.703684688 -0.519779146
C -0.166456655 3.234256744 -0.320093960
