16

O 1.953127265 0.298334211 -1.417623281
H 0.369724154 2.215238094 -0.847275794
O -0.280181289 -1.116486788 1.892383575
H -0.274924219 -2.520452976 0.463194132
C 0.070177756 -1.486591220 0.605987191
O -0.721396089 1.473879457 0.826640129
H -2.198917866 0.541736484 -0.384653866
H 2.311311722 -1.570053458 0.712174058
H -1.316537261 2.880897522 -0.653545380
H 0.141317934 -0.275337815 2.073899984
C -0.615021348 2.062524319 -0.466433048
H -0.718552232 -1.050110936 -1.450280070
C -1.122618556 0.694836378 -0.293407679
C -0.293490410 -0.528508604 -0.594006658
C 1.232539058 -0.345953584 -0.722984850
N 1.463441610 -1.273951173 0.255931675
