23

H -0.672993600 -0.972517669 -2.037702322
C 0.447604656 0.328141987 -0.675714076
C 1.338008046 -2.109314203 -0.229757711
H 0.598089337 -2.552748203 -0.907469809
H 1.715658545 -0.364161849 0.952522337
C -0.510538936 0.804817259 1.360448718
C 0.908915341 -0.760021567 0.319655776
H -1.535802007 -2.089920759 -0.155708596
H 1.517811179 -2.820088863 0.566748679
H -0.169648364 3.489284992 0.863157094
C -1.461868286 -1.017508030 0.014620967
H -1.008769274 1.267668128 2.198887110
H -2.457948923 -0.649235964 0.280447185
C -0.426635802 -0.691549063 1.129156470
H 2.270473480 -2.009886026 -0.793067873
C -0.881561697 -0.283391774 -1.224416018
H 1.156924367 0.638300240 -1.442742348
H -1.547093749 0.494716704 -1.600842237
H -0.308069110 3.181489229 -0.873113155
H -0.492581725 -1.324880362 2.002607584
C 0.037541226 1.424367905 0.310721099
C 0.210123241 2.877874374 0.041589696
H 1.272361636 3.138563395 -0.100028656
