18

O 1.360220551 0.910535574 -0.854678690
H -0.094364636 2.021641970 1.956183076
C -1.790031075 -0.668006539 0.540644884
C 0.738083005 1.758009434 1.309763551
H -2.663005352 -0.055823248 0.310183018
H 1.720301628 -0.631355286 -2.167583466
C 0.244142994 1.204192042 -0.011675866
C 0.120420113 -1.005490303 -0.742618799
H 1.333539248 2.658877134 1.136202335
H -0.361476034 1.965236664 -0.492798090
H -1.834271550 -0.905317307 1.597564101
H 2.282135010 -0.925213516 -0.518466592
H -0.744267523 -2.845223188 -1.659306049
H 1.356126666 1.024949193 1.828505516
C -0.507463574 -0.098186739 0.058725372
C -0.764770687 -2.020161629 -0.971932292
C 1.471274972 -0.467271984 -1.123014569
O -1.866593361 -1.921392679 -0.195697561
