18

H 0.877482295 0.985566914 1.234295964
C 1.254030108 -1.331425071 -0.014120808
C 0.237028643 -1.650539637 0.791725397
H 0.207158118 1.533583879 -1.693290472
H -1.132577062 2.681756496 0.261844933
H 1.304157495 2.389641762 0.276622921
H 0.297253042 -2.214588642 1.706594944
H -2.236836195 -1.657339215 1.635705948
H 2.282777786 -1.617298126 0.135576531
N -2.209710360 -1.143586516 0.747572064
C 0.508140683 1.649183512 0.443191975
C -1.015393376 -1.063935518 0.297569513
H 1.261511922 -0.629213452 -2.127569675
C 0.254814655 0.894844174 -0.819630980
C -0.670396328 -0.308459371 -0.945904553
H -1.386714220 -0.292932421 -1.745322943
O -0.653789878 2.261496782 0.972755671
C 0.821062922 -0.486755580 -1.157616854
