17

H -0.867040575 2.498399019 -0.082030728
N -1.153502345 -1.109910965 1.673416734
H -0.394839853 -1.984633565 -1.277223468
H -0.325226098 -1.652440786 1.652598262
C 0.134991243 0.644186556 0.638271809
H 2.223550558 -1.008057952 -1.145594001
O -2.227183104 0.463183731 0.413065612
C -1.211953878 0.012071937 0.886140704
H -2.031086445 -1.616104484 1.782530785
C 1.164113760 -0.843687952 -1.377318144
H 1.073790669 -0.734608352 -2.459628582
C 0.119548969 2.077431440 0.080536962
H 0.830951571 0.468839049 1.459941149
O 0.692925930 1.588156462 -1.197972655
C 0.702261806 0.365151882 -0.720278442
H 0.793219805 2.815495014 0.539281785
O 0.475477457 -1.983471036 -0.865737498
