21

H -0.799789488 -1.549107671 2.783557177
C -0.092412397 -0.819637716 2.399567366
H 1.017387509 -1.929505229 -1.821279287
H 1.539084196 -0.696919382 0.989045084
H 0.129867390 2.192196846 -1.243622899
H 0.755020440 0.297335029 -2.510312080
H 0.550885320 -0.395610720 3.168488503
H -0.686580777 -1.477865696 -1.735886574
H 1.699421048 0.308351427 -1.052482247
C -0.225640431 1.238990545 -0.826336086
O 0.191568851 -1.932590246 0.063568339
C -0.189337730 1.361708283 0.698013723
H -0.888708055 2.148057461 0.984828234
H -1.523865700 -0.269940406 0.865958750
H -1.619069576 1.009177446 -2.173842192
C 0.680505276 0.139264390 -1.428567290
H 0.801747382 1.677083492 1.027925611
C 0.507832527 -1.005365610 1.032175064
C -0.554384291 0.017907050 1.253178477
C 0.279285461 -1.341374040 -1.256838918
O -1.572816968 1.027844310 -1.217139602
