19

C 0.277403206 -1.205043435 -1.587813616
C -0.892894208 0.805690289 0.855876923
H 0.625724137 -2.196035862 -1.339534044
O -0.088366620 1.627966166 -0.928207636
H 1.130053043 -0.517414451 -1.589933991
H -1.690031290 -1.385076761 -0.762696147
H -2.120717287 1.071905732 -1.141303182
H -1.543750048 1.109547257 1.673694611
N 1.075794458 2.448917150 0.999921739
H 0.757901967 -0.812100470 2.466986179
H 0.845759094 -2.135744333 1.308719516
C -0.813138664 -0.751165628 -0.626022696
H 1.662412047 2.945395470 0.336787134
H 1.645178676 -0.586506724 0.953267038
C 0.753996134 -1.054131031 1.401170850
H -0.113897152 -1.243960619 -2.618399382
N -0.504457831 -0.614860117 0.823320746
C 0.204861879 1.749020219 0.422035694
C -1.211831450 0.743597567 -0.647869289
