20

C 0.695409834 0.615950286 -1.619666815
C -0.807000160 -1.075385332 -1.155744553
O -2.871322393 0.706022680 1.232456446
C 0.915110230 0.844982147 0.854248226
H -1.887704372 0.816501558 -1.051532507
H 1.778365135 0.526857495 -1.554187536
H 1.950114489 -1.057721972 0.587228477
H 0.459918618 1.394172668 -2.361135006
H -1.630977392 -1.522113204 -1.715355396
H 1.781689286 1.462199450 0.635205984
C -1.922155976 0.056711316 0.912401199
H -1.528354168 -0.748155296 1.581410885
O 0.169256344 -0.630733490 -2.064137459
C 1.403021932 -0.521373332 1.367929697
H -0.404303730 -1.823600531 -0.457154959
H 0.358367682 1.357456326 1.648742914
C -1.213000536 0.233089700 -0.417539299
H 2.079627037 -0.381207377 2.212822199
N 0.082960710 0.916619599 -0.345437407
H 0.590977490 -1.170272589 1.709445238
