16

C 0.725762248 1.071892262 -0.993706048
H -0.496815622 -2.715729713 0.960756123
C 0.178959072 -1.920288086 1.306656122
N -1.231577396 -0.115529969 0.452610970
H 1.197358131 -2.294117689 1.241181612
C 0.003272446 -0.679976761 0.467036545
O 1.702366352 1.672227979 -1.700841784
H 1.986815929 -0.554622054 -0.246726155
H 2.522873640 1.193199158 -1.602911353
H -0.045956340 -1.726687908 2.353662252
H -0.716085613 2.534672737 -1.558428168
C 0.993768752 -0.104651704 -0.250100285
C -1.592340231 1.063352942 -0.256334752
H -1.969323397 -0.520314753 0.988329828
C -0.518213987 1.639968872 -0.994753957
O -2.740863800 1.456605077 -0.166431472
