20

H 1.766270757 0.740893126 -0.947116613
H 1.789867163 2.087000608 0.154909745
C -0.715325952 -1.132528424 -0.041479196
O -2.319679976 0.636777401 0.717925429
H -0.470118701 -0.784379661 2.142947912
C 1.259474277 1.171043515 -0.084906138
C -0.236361578 1.441515565 -0.395049989
H -1.544355035 -1.763021111 0.247271344
C -0.112710223 -0.440730184 1.174996853
C 1.280854583 0.162461564 1.108053923
H 2.073165894 -0.575323164 0.994379520
C -1.035267115 0.324353874 0.265128076
C 0.033342015 -1.648276567 -1.246349096
H 1.472580075 0.694970548 2.039796114
H -0.643173635 -1.795870900 -2.096586704
H -2.917831898 0.586796343 -0.024865637
H -0.427333713 1.531100988 -1.461631894
H 0.482497782 -2.618598461 -1.022651792
H 0.842530906 -0.998472452 -1.582072616
H -0.578426242 2.380287170 0.057300642
