19

H -0.726958513 -1.349095225 2.705304861
H 1.762611270 0.897893190 -2.339141846
H 0.763653934 2.282515049 -1.876994967
H -1.480947852 0.540881693 -1.883257389
H 1.025134563 -1.219422221 2.587582588
H -2.181470394 -1.263459206 0.082840949
H 2.141178370 1.796032429 -0.865160763
C -0.013163510 -0.629894912 0.831707358
C -1.371882558 -0.545593679 -0.004188295
C -0.240919814 0.879205525 0.695507050
H 0.202852935 -2.536895037 1.772160769
O -1.656296968 0.745405436 0.599957824
H 0.138907626 1.682951570 1.326914907
C 0.418701559 0.518723249 -0.714388490
O 1.081684947 -0.628062010 -0.100271247
C -0.810563862 -0.141739652 -1.353350401
H -0.513354599 -0.967116773 -2.001236916
C 1.325199246 1.424214244 -1.500935078
C 0.135634512 -1.486543536 2.036949158
