14

H -3.141083956 0.713471055 2.538405657
C -1.569283009 0.133858845 1.016683459
C -2.409051657 0.434728354 1.820921183
H 2.450835466 2.760021687 1.808659792
C -0.607491612 -0.237958610 0.073980264
H -1.739977837 -1.663662791 -0.972743154
H 2.207790613 -0.432674527 -1.661455631
C 1.953476787 2.028098106 1.251416326
C 1.374922633 1.183736563 0.620956838
N -0.871861756 -1.183570504 -0.892910719
C 0.704391360 0.202107221 -0.134214669
C 0.225836307 -1.356946349 -1.699433088
C 1.214331031 -0.525954783 -1.256037116
H 0.207166299 -2.055253983 -2.514229298
