21

C 1.368668437 -0.380161136 -2.299294949
C -0.084982097 0.626520455 2.355634451
H 1.217059016 -0.894073486 -3.244862318
H 0.388997912 -2.195989370 -0.834622622
H -0.041548483 1.413890481 -0.280302733
H 1.001936793 0.634730697 2.486717224
C -0.968762040 0.264357507 -2.245233536
C 0.080357552 -0.408107400 -1.452852964
C 0.273386806 0.391691446 -0.120039284
H -0.134862497 -1.205080986 1.258551002
H 2.165735722 -0.885757983 -1.746334910
C -0.441504598 -0.180876389 1.109613895
H 1.686123252 0.632851899 -2.503071547
N -1.732662797 0.858424842 -2.888003826
H -0.619384468 0.589426935 4.213466644
O -1.839505792 -0.267669976 0.906150758
O -0.335361779 -1.738782406 -1.248746991
H -0.396763593 1.673654795 2.190364361
O -0.744806051 0.030651327 3.442104816
H 1.347806334 0.425643414 0.091415428
H -2.189927816 0.614655197 0.809346676
