17

O 0.987940013 0.871843457 -0.106637128
C 0.200914010 0.008191463 -0.895826340
H -1.818216920 -0.162101626 -1.803872943
O 1.683094978 2.950199366 0.251641542
H 0.039811403 0.183862001 1.965322495
O -1.814353466 1.188645959 -0.321488500
H 0.472307950 2.439625740 -1.289908767
H -0.116155043 -1.310301900 2.894114494
O 0.570673645 -1.593506813 1.011671662
C 1.051055908 2.182544231 -0.402076334
C -1.265696526 0.391730458 -1.002981663
C -0.240429342 -0.869388521 1.906628489
H 1.200173259 -1.911379576 -0.859485030
H -0.552018940 -2.011755228 -0.676678181
H -1.302664518 -0.927174032 1.630756140
C 0.331544936 -1.452165246 -0.366006523
H 0.572019041 0.021129787 -1.935173750
