17

N -1.581751466 0.632222831 3.153150320
H -2.159935713 -0.118082359 3.396263361
H 1.068100929 1.245390058 -2.579032660
O 1.169468880 -1.765029550 -1.881154895
N -0.002763709 -0.324197590 -0.600236535
H 1.087742686 -0.078858182 -3.756405830
C 0.585932970 0.311652720 -2.886131763
H 0.033474661 -2.201414347 0.215465724
C 0.632475376 -0.710455596 -1.787420392
H -0.438669413 0.555541813 -3.138623714
N -0.881482005 -0.921566784 1.543871522
H 1.108743668 0.738259792 1.526106834
C -0.757026553 0.260697603 2.240709782
H -0.339005828 0.624299884 -0.488288820
H 0.460078627 1.799396515 2.681954145
N 0.284930944 1.138566375 1.924502373
C -0.270313740 -1.186423063 0.435269862
