19

H -0.383727819 0.762121499 2.683487654
C -1.107092142 0.128007531 -0.016511383
O 1.038126826 1.107855916 -0.330799133
O 1.413079739 0.026285466 2.170244932
H -1.348795772 -0.188019633 -2.227543831
C -0.776456773 -0.815822542 1.174091458
H -0.394672513 2.193686247 0.668279946
H 1.952466369 0.112936296 1.378898025
H -0.178695366 -1.690253854 0.889514267
C 0.676691651 0.543065906 -1.581662059
H -2.151955128 0.453988969 -0.017961998
C 0.104088746 0.309137732 1.810525298
H 0.952571690 1.138536692 -2.433428764
C -0.094148569 1.154885054 0.523868620
H -1.612121940 -1.160435438 1.776076794
C 0.662670076 -0.960195303 -1.632870436
H 0.804810286 -1.429453850 -2.601520300
C -0.634905756 -0.192128807 -1.437078118
H 1.078065753 -1.494198203 -0.795610189
