19

C -0.631543994 0.822411656 0.883995175
C 0.318196118 -1.461501002 0.589205265
C 0.694460690 0.806844890 -1.167580724
O 1.603679776 -0.889110744 0.465162128
H 0.871334970 2.455642700 0.424965501
H -0.287959129 -0.995005548 -1.947297573
H 2.664069414 0.736089706 -0.134031296
H -0.519997180 0.671611845 1.964060068
H 0.259651214 -2.387284040 0.001541309
H -1.349293232 0.396298259 -1.757906914
H -2.209823370 -1.321331859 1.166862249
C -0.787126780 -0.516979754 0.119005226
H 0.156039432 -1.718864441 1.649042010
H 1.054635286 1.376222253 -2.015921354
C 0.591100633 1.420062900 0.232715979
C -0.490954399 -0.118129008 -1.337574840
C 1.636951804 0.409210980 -0.078828856
H -1.521504283 1.432788014 0.709623277
O -2.051916599 -1.118976831 0.232963890
