19

C -1.106863379 -2.418368578 0.579901397
H 1.310698152 0.463928103 1.540178299
H -2.672300339 -1.394198775 -0.242882580
C 0.014980016 0.601302564 -0.129412338
C 1.364462376 0.366538167 0.454242140
H 1.678452373 -0.666551054 0.265800923
N -1.778554082 1.003934503 -0.834465206
H -0.025355639 -2.412178993 0.487628728
H 3.378627539 1.153095126 0.402739406
H 2.158105135 2.381156683 0.230596155
C -1.126752615 -0.149802938 -0.331568450
C 2.420665026 1.374357700 -0.045221951
H -1.509738326 -3.371345282 0.267270237
C -0.640397787 1.733772516 -0.603439331
H -0.426489979 2.738415003 -0.861379921
H -1.345665574 -2.264034986 1.641809940
H 2.527816772 1.321950555 -1.123693228
H -2.564483643 0.896333516 -1.441857696
N -1.657205343 -1.358304739 -0.256246358
