18

H -0.100616634 1.230140448 -2.458045244
H 2.037299395 -1.039217114 0.547832251
O -2.713229895 -0.677945912 0.409180492
H -2.764716864 0.244532868 0.141143441
H -1.185037017 0.582261324 2.226795912
H -0.111959323 -0.817676365 2.450482607
C 1.000638962 -0.245466635 -1.245476246
C -0.588376820 -0.173037574 1.714861989
N -0.408003420 1.123998284 -0.381216198
H -1.277838469 -2.051998138 0.668321192
C 0.374052525 0.361219078 0.651231587
H 2.578782558 0.614062428 0.135069892
H 1.380399346 -0.902854979 -2.015940905
H 1.256224990 1.981710315 -1.553851604
C 1.740077138 -0.079938218 0.107769750
C -1.367222071 -0.969298542 0.584538281
C -0.368166715 -0.351323694 -0.417496800
C 0.517692447 1.170832515 -1.565200329
