20

H -0.210549712 1.455987453 -3.227813721
H 1.275080323 1.891133070 0.121188112
H 2.443194628 2.563635349 -1.030416250
H -0.715037763 -2.735634327 -0.220470801
C -0.174224228 -0.503349543 -0.352965206
H -0.539646745 1.973350883 -1.512678146
C 0.309659034 -0.034697983 -1.635245442
H 2.738056660 1.000576973 -0.270726830
H -2.530654669 -1.937381148 2.458380461
N -0.919483304 -1.186382055 1.350224495
C -1.497951269 -1.588912606 2.578267336
C 1.969743252 1.634971380 -0.685726523
N 1.360434055 0.981894076 -1.831292510
H 0.416337162 -0.832291067 -2.361801624
H -1.495120525 -0.756865978 3.278345585
H -0.928555012 -2.409097195 3.031752348
H -0.442449033 0.858539939 1.469485521
C 0.004633521 1.329634428 -2.178744555
N -0.446707666 0.011403746 0.895673692
C -0.616758227 -1.716515779 0.124564268
