21

C 0.688377857 -0.277126908 0.749233902
H 3.078075886 -0.228944510 0.122415490
C 2.045893192 -0.368075848 -0.103095584
H -1.863474369 2.369482040 0.780087173
H 0.820405483 -0.628242433 2.630240202
C 1.296001911 -1.397179365 -0.903549612
H -3.234537601 1.406291604 0.202876702
C 0.313584954 -1.690047503 0.227407008
C -1.323113918 0.806532502 -0.652577519
H 0.715353847 -2.450338125 0.891658127
C 1.173996449 0.094353542 -1.242251039
H -1.695614219 -0.176894933 -0.967315078
H 1.688848376 -2.106093407 -1.628816485
H -1.431003928 1.451117396 -1.536225438
C 0.154479697 0.730867207 -0.307712048
H -2.082620382 0.717136979 1.377839565
O 0.531854570 0.094281532 2.070146322
H -0.730891466 -1.902353644 0.011136889
H 1.517429113 0.474182576 -2.189586163
H 0.517977059 1.729961872 -0.020838700
C -2.181021929 1.351089835 0.488926381
