19

H -1.356411934 1.836665034 1.757791400
H -1.469414949 -1.475256681 1.645265222
C -1.294406056 0.706361890 -0.278666735
H -2.329516649 0.736597657 -0.626907945
C 1.952667475 -0.167659149 -0.923528314
H 1.790313840 -0.891259313 -1.719451427
H -1.869801164 -2.192974567 -0.567052603
C 0.632170737 1.356805444 0.785004079
C -0.806566417 1.629720092 0.856446028
O -0.284680337 0.910440505 -1.315754533
C 0.653038323 0.319266975 -0.369389266
H 1.302003980 1.312072873 1.628999114
C -0.853216171 -1.969525933 -0.286289483
N -0.603007674 -1.540614724 1.123785257
H 2.546059370 -0.638242066 -0.145633265
C -0.525283754 -0.588523388 0.062470187
H 2.513085127 0.670624375 -1.333773613
H -0.112345994 -2.643481731 -0.688612103
O 0.115312368 2.628983259 0.395297647
