17

C 0.626755595 1.446167231 2.052353382
C -0.891962528 -1.748137832 -0.943066120
C -0.593353033 -0.582664669 -1.601746082
H -0.433979630 0.870441735 -3.206892967
H 0.422221512 1.114065766 -0.817318618
N -0.467659503 -1.708525538 0.345357537
C 0.770046592 -0.055092752 1.754140735
H 1.108771682 1.681453705 3.002273560
C 0.120735064 -0.527230263 0.490803540
O -1.417449832 -0.782320142 -3.801671982
H 1.120882273 2.062998295 1.295789003
C -0.835641742 -0.151084766 -2.966111183
H -1.392386913 -2.601559401 -1.366662264
N 0.065332882 0.181824073 -0.650632441
H -0.398778081 1.743652105 2.118067741
H 1.843100429 -0.296975225 1.721754074
H 0.353364766 -0.647012174 2.573562145
