17

C 0.517898023 -0.304657608 -0.923864484
C 0.551564336 0.854649663 1.325048804
C -0.847410440 -0.963310659 -0.614892483
H -0.146483228 1.703921676 -0.544607580
C -0.589814186 -0.063352980 1.703287482
N 0.873819709 -0.017575596 -3.501567125
H -0.901538134 -0.059626162 2.745653629
H -0.822004020 -2.011997461 -0.940760851
H 0.413463980 1.823198318 1.816248536
C -1.197803497 -0.868437290 0.832072318
C 0.647814870 1.040667653 -0.185794964
C 0.728019178 -0.155691728 -2.361150742
H 1.300937414 -0.974071920 -0.552598953
H 1.597322583 1.525323391 -0.455484182
H 1.496661425 0.458666474 1.721807480
H -2.014281273 -1.498108864 1.166459560
H -1.608166695 -0.489597023 -1.229856968
