21

H 2.960681200 2.881920338 -1.058509946
C 2.611906052 1.908400416 -0.786558390
H -0.541635513 0.173785016 2.381565332
H -0.564065039 0.776345670 -0.698080540
H -3.878771305 -0.631018579 -0.405600160
C 0.970339417 -0.727586448 1.132410526
C 0.447219104 -1.057695150 -0.231150389
H 0.424837023 -2.116259098 -0.485410601
C 0.428598017 0.427835196 1.935329914
C 1.859402180 -0.501488984 -0.083114743
H -3.017053604 0.898054123 -0.731137216
O -1.876151085 -0.773245811 -0.332971454
H -0.644077599 -0.433302045 -1.961643457
C 2.235453844 0.818674982 -0.475831628
C -0.659463525 -0.292760551 -0.875963092
C -3.000752211 -0.185143501 -0.893700719
H 0.280293405 1.319771290 1.318901896
H 2.641467571 -1.236008883 -0.236364171
H 1.266787529 -1.572170258 1.729127407
H -3.055347443 -0.380105466 -1.969358921
H 1.110332966 0.701997221 2.728060484
