17

C -1.371852875 0.908999979 -0.403629005
O -1.080497384 -0.375999153 -2.464074612
H -2.257026434 0.379116118 -0.075472921
N 1.043301225 -1.270037293 3.105546474
H -1.437472463 1.923855424 -0.006649404
C 0.125544399 0.403708756 -2.215262651
C 1.008006930 -0.737059832 1.863658786
C -0.119644113 0.197421134 0.069734417
H 1.940625906 -0.739363968 1.299772620
H -1.723465443 1.642193079 -2.520059347
H 0.680396259 0.656212986 -3.097089052
H 0.147992715 -1.478620410 3.514878750
C -1.219918251 0.910839975 -1.901443124
H 1.758424759 -1.944364190 3.302247524
C 0.780480325 0.053794552 -0.940654814
H 1.785543680 -0.309100747 -0.881109238
N -0.060438897 -0.221596047 1.349605560
