17

C 2.018672705 -0.263381064 -2.005133629
H 0.178069457 0.870474815 -2.105513811
C 0.227445737 -0.012866782 -0.175528467
C -1.057730317 0.167385861 0.311668754
H -3.245348692 0.195074901 1.840477586
C 0.544307649 -0.051317587 -1.645906448
H -1.901754856 0.313050151 -0.351324797
N 1.050041080 -0.110275425 1.986155987
H -2.408506632 0.177387565 3.312277555
H -0.067577675 -0.849849761 -2.097878456
N 1.256762743 -0.165765762 0.679509103
C -1.209929347 0.204666629 1.692636847
H 2.140198708 -0.278593808 -3.086164713
H 2.633435965 0.526750803 -1.593338609
N -0.135939270 0.064208359 2.499225855
H 2.382796764 -1.205516934 -1.596560597
N -2.404944420 0.418568105 2.335397243
