18

H 0.458911717 -1.450822234 2.020136356
H -0.816481709 0.580861151 -2.546857834
C 0.444874495 0.778398573 1.692016721
C -1.301271677 -0.912333250 0.792769253
H 0.611910522 2.477889538 0.175794199
H 1.438441992 0.814180315 2.143788815
C 0.202364415 0.549940705 -0.658487141
H 0.881719291 0.164532676 -2.649258614
C -0.080496117 -0.818506181 -0.093004055
C 0.382147938 -1.974016428 -0.791068375
N 0.746601760 -2.908369064 -1.381580234
C 0.021820171 -0.654158533 1.433466792
H 0.407824963 1.845258474 -2.355011940
H -0.227541253 1.284658551 2.387063265
H -1.747428894 -1.895533800 0.920121074
C 0.442035675 1.412999272 0.322692901
H -2.026335001 -0.101389341 0.718990564
C 0.160901919 0.806409597 -2.131571293
