20

H -0.612636566 1.209288478 -2.578828096
H 2.509528160 0.351031512 1.359748602
H -1.361985803 -2.634461641 0.398323208
C -1.556213617 1.134601474 1.168008208
H -1.220233440 1.638510585 2.076652527
C -0.390092432 0.994085670 0.205912635
C -0.561388016 -1.335334420 -0.945564032
H 0.954666972 -2.318838358 0.493091613
H -2.327128649 1.763965964 0.730787218
C 2.182293653 0.345999539 0.307022065
C -0.170525745 0.153218240 -1.033579111
C 0.739603758 -0.011268935 0.174109533
H -1.995245337 0.181277618 1.437469840
H 0.042343922 1.970898032 -0.027979108
O 0.145579562 0.714746833 -2.263068199
H -0.711884260 -1.996271729 -1.790019989
H 2.828668833 -0.361487001 -0.233490497
C 0.304967195 -1.499700665 0.245679095
N -1.178849220 -1.643822193 0.376676768
H 2.378530025 1.343560934 -0.100952327
