23

H 0.922702253 -1.881174445 -1.421883583
H -0.232790187 -0.168609604 2.430549383
C -0.357894182 0.017559258 0.289921284
C -0.871512413 -0.741317451 -0.971759439
C -0.739434659 0.142314866 -2.158025980
C -0.145795986 -2.046157122 -1.267550945
H 1.244162083 1.012768030 -0.792152584
C 1.113714218 0.492583662 0.155668691
H 0.122177988 -1.675237298 1.585433245
H 1.803229570 3.060951233 0.117008120
H 1.787674785 -0.353203565 0.176445693
H 0.190082967 2.911196232 0.834994256
O 1.498189449 1.326638818 1.233236074
C -0.517352998 -0.790284097 1.569731593
H -2.405256033 -1.658171415 -0.221599042
N -0.619501889 0.832015455 -3.084530354
H -0.262732595 -2.738203049 -0.423034608
H 1.593270779 3.239336252 1.876629114
O -2.283288956 -0.958135486 -0.864232183
H -1.558667541 -1.108024716 1.733923197
H -0.558056712 -2.512580156 -2.159325361
H -0.982646227 0.899725556 0.361455262
C 1.259725809 2.696009398 0.999098480
