18

H 0.448620319 1.086516738 -1.761539698
H -1.778724670 -0.518784165 0.690133393
C -1.321259499 -0.977452755 -0.183066487
C 1.685772896 1.411682129 2.967890024
H -1.616895556 -2.031321287 -0.232618496
H -2.364624023 0.490349144 -1.660995603
H 1.355811715 0.968007207 3.907985926
H 2.777052641 1.412364602 2.973233223
H -0.447928071 -1.773966432 -2.617128849
C 0.223399937 -0.680314362 -0.245650217
C -0.678910017 -0.711573660 -2.565229416
C -1.523535371 -0.159580186 -1.466817975
C -0.038991660 0.147396460 -1.522235155
H 0.840743899 -1.568266153 -0.427585244
H 1.342978358 2.447118521 2.960083723
C 0.735530853 0.040051885 0.891219079
C 1.162176371 0.662779391 1.828615546
H -0.801218808 -0.245007068 -3.536293983
