22

H -1.207375884 -1.511732936 -0.000517960
H -2.284638882 1.279394627 0.506104052
H 1.818477273 -1.758996606 0.361966401
H -0.018073417 0.548772097 2.011524916
C -0.190007448 -1.339349747 -0.331501067
C 0.075769015 0.140466720 -0.714315534
N -0.544831574 1.373214126 -0.647110343
C 0.792649031 -2.014014482 0.624878645
H -0.777995169 -1.919980168 -2.400088310
C 0.757888913 1.190931916 1.583355188
H 0.692978203 -3.095884562 0.557488203
O 0.395604521 -0.212989882 -2.062319756
H -1.589154243 2.868701220 0.331200987
C -1.750982285 1.915881515 -0.184853271
H 0.641794920 2.197463274 1.993631721
H 1.479586482 1.769078612 -0.370538265
C 0.691606283 1.233547568 0.085868597
H -2.343086720 2.089356184 -1.063545346
H 0.928315818 -2.242828131 -2.037598133
C 0.082210109 -1.595436335 -1.817810893
H 1.723860383 0.818038642 1.919056535
H 0.625404596 -1.733633161 1.655123234
