20

H -1.236759186 -0.987210751 0.216140836
C 1.849491239 -1.929812074 0.104956634
H 2.445747137 -1.145054936 -0.359761983
H 1.855269790 1.123240590 -0.881068349
C 1.171999097 1.433743834 -0.095528588
H 1.239328742 -0.789471686 1.812780142
C -0.267417818 -0.542397559 0.318801641
C -2.614983082 0.915629447 -0.526691735
H 2.525967360 -2.566337347 0.656714261
H 1.691727281 1.274431467 0.848857284
H 1.419818878 -2.529345989 -0.694733560
H -1.111790538 1.464656234 -1.896634579
H 1.034351349 2.516864300 -0.210635871
H -1.250213981 2.499607563 -0.508141220
C -0.122893751 0.712049842 -0.156078815
H 0.251419932 -2.193128347 1.503102303
H -4.673596859 0.155887172 -0.055266939
C -1.270175099 1.431643009 -0.813843131
C -3.699021578 0.511528432 -0.274754345
C 0.761731207 -1.356523037 1.011786222
