15

O -1.682341695 -0.473256052 -0.116266496
H -1.806972623 0.945639253 1.309638262
H -0.957542360 1.468545079 -0.153739616
C -1.086026192 0.632810593 0.542219639
H -0.808112502 -2.235410690 -0.668684840
N 1.090772271 -0.430156171 0.155775949
C 1.490737319 0.870507002 0.659199655
H 0.204324082 -0.236680135 2.116770744
C 0.235491231 0.229070067 1.130781770
C -0.857279181 -1.188749433 -1.000629425
H -1.287657857 -1.170412064 -2.002736568
C 0.553396165 -0.609403968 -1.104183197
O 1.127286196 -0.377181649 -2.134705544
H 1.410274625 1.707690120 -0.016546350
H 2.373650312 0.866987884 1.283105850
