23

C 1.678894639 1.174741030 -0.157556891
H -1.872740746 -0.498167723 -1.791076899
O -0.765860140 -2.039913177 -0.122469373
H -0.267132193 -0.911940575 -2.389346361
H -0.778479636 2.291715145 1.568765283
C -0.540522993 0.272791266 0.901808202
H 1.961663961 0.437827021 -1.492232561
C -0.806272864 -0.298655301 -1.673063517
H 2.426416874 0.722205639 -0.593290627
H -0.969757259 -0.111638017 1.808813810
C 0.595405102 2.224380016 -0.129765645
H -0.799521089 -3.765920877 0.877285719
H 1.088133454 3.064153671 0.392642736
C -0.393897682 -0.692752481 -0.266456693
C -0.346917093 -2.772005320 0.979563713
H -1.587695122 1.993455410 0.052916430
H 0.736878097 -2.904308081 1.049986601
H -0.705889761 -2.330259562 1.925127506
H 1.473960042 -0.811735332 1.008734822
H 0.352835089 2.601256371 -1.122309446
C 0.835980058 -0.169062957 0.431950063
C -0.692905903 1.767690778 0.633434236
H -0.622574091 0.756142318 -1.893460751
