15

C -1.376105905 0.400564581 -0.062000755
N 1.358390450 -1.981442928 -0.727623761
H -1.269725442 -1.572831035 -0.873869300
O -2.726426840 0.419934183 -0.243597865
F 1.376808643 2.385828495 1.140086293
C -0.687972724 1.483608007 0.484689444
C 1.388225913 0.222812235 0.255032331
C 0.673530579 -0.849443913 -0.291615397
H 2.461366653 0.185770035 0.388344973
C 0.699734986 1.357290030 0.627538145
C -0.706950247 -0.754139781 -0.445805818
H -1.169402838 2.390166283 0.798796713
H -3.057729244 1.271671057 0.039367523
H 2.240576744 -2.153763533 -0.274714381
H 0.795679688 -2.806023836 -0.814628303
