21

C 0.760630190 0.125382885 -0.052804489
H 0.643075645 0.743417025 -2.141961575
O 1.042925596 0.714474022 1.208695769
H 2.737181902 -0.671492875 -0.442468256
H 0.330946296 2.033329725 -0.981386602
H -3.032116890 -0.633408844 1.556184769
C 0.925913811 1.150913715 -1.169764161
H 1.436884761 -1.554171920 -1.237569571
C -1.713982105 0.687246382 0.365620255
H 1.981088996 0.878585100 1.275791645
O 1.651344895 -1.933814645 0.793484092
H -1.363343000 1.250895619 1.236548066
H 2.293809175 -2.648406744 0.666407466
H -0.951805532 -0.896733999 -0.877694488
O -4.110860825 0.385583729 0.198524058
H -1.869643331 1.390647531 -0.458819687
C -3.066920996 0.110572897 0.726104081
H 1.977093339 1.475188017 -1.239307404
C 1.719820857 -1.054156899 -0.302773476
H -0.706626177 -1.153644085 0.832893074
C -0.685416698 -0.400407106 0.044296406
