17

H -0.123882271 -2.071695566 1.434213042
O -1.454512000 -2.281087160 -0.081566088
H -0.738939941 -0.762086570 -1.881199121
H -0.663795412 1.748609185 0.842151940
H 2.817978621 0.523382902 -0.889745533
C -0.837604105 0.720301270 1.199251056
C 1.758701801 0.329053283 -0.726910233
C -0.172463685 -0.249446675 0.179407224
H 0.647986412 0.478746504 2.358848572
O -0.309160382 0.505751491 2.484158039
C -0.620753169 -1.669859171 0.539280117
H 1.130033612 0.722938418 -2.665137768
N 0.860542655 0.648186386 -1.703208089
C -0.440472364 0.116362616 -1.298674226
H -1.910447598 0.536763966 1.237488866
N 1.285198927 -0.163238674 0.374760509
H -1.228410840 0.867317855 -1.403118491
