19

H 0.721107364 -0.720280051 1.375278354
H -1.200017095 -1.796629786 -0.976954818
H -0.108896829 0.417801380 -1.329634190
H -1.115365744 1.115860343 1.496483564
C 1.506064057 -1.632426858 -0.355769634
C 0.138491243 2.487701416 0.469776869
H -2.384917021 -0.483554870 -0.868211329
O 0.557614684 3.012374401 1.458437204
H -1.786099434 -1.269968390 0.602375627
C -0.378260106 0.118722416 -0.307809144
C 0.906047165 -0.445609719 0.334836066
F 1.443839431 -1.529617786 -1.695972323
H 1.669245720 0.342894852 0.367586493
F 2.808702946 -1.788660288 -0.037454180
C -1.503170133 -0.937342107 -0.388171703
H 0.478123844 2.811909676 -0.540420651
H -1.776874900 1.738102198 -0.022681130
C -0.865731776 1.345357180 0.458010048
F 0.890096724 -2.786634445 -0.039705191
