22

C -0.773583829 -0.132448152 -2.393440962
H 0.302693367 0.139287859 2.570925713
H -1.531330824 1.690626860 -0.604571164
C -0.649462879 -0.027115174 2.061608791
C 2.778256178 1.005982757 0.637846947
H 1.299559712 -1.750359893 1.007160068
N 0.124585763 0.730360329 -1.636235714
H -1.210838795 0.910553992 2.083762646
C 0.302055627 -1.838400602 0.578112245
H -0.032617141 2.710447073 -0.805122197
C -0.462677568 1.720517755 -0.761836410
C -0.434997797 -0.498420209 0.617879033
H -1.720838308 -0.366178155 -1.898982525
C 1.662687659 0.823503852 0.245233595
H -0.260821253 -1.057570100 -2.645524263
H 3.777814627 1.181652069 0.973066330
H -1.213292718 -0.775488853 2.622104645
H -1.022912741 0.384479940 -3.327749491
H -1.410661578 -0.631759167 0.159575850
H -0.247977570 -2.582307577 1.141230822
H 0.412608981 -2.206017256 -0.443015844
C 0.311751544 0.568651915 -0.182027668
