15

H -0.834472299 -2.921501875 -2.436977863
O 2.037984133 -0.289852917 -0.123053648
H -0.618682444 1.168986678 -1.478941560
C -0.358605444 0.365185052 -0.792094231
H 0.540007293 1.626324296 2.005706549
C -0.538799345 -0.920845330 -1.426812887
H -0.754952729 -0.320515335 2.406469822
H 1.648871779 -1.056687355 0.320654184
N -0.307207555 -0.393691927 1.504024267
C -0.986530423 0.569562674 0.597574472
C 1.064063072 0.692185402 -0.109136790
H 1.488464594 1.599204898 -0.525918484
C -0.703493893 -1.979676127 -1.965830803
H -1.977285028 0.936893880 0.803895891
C 0.300638437 0.924428165 1.220441222
