17

C 0.432944208 -1.198805809 1.522331834
H -1.861880064 2.208970547 -1.026214719
C -0.036630318 -0.414520621 0.285897434
H 0.438460350 -0.617669702 2.452335119
C -0.977579951 1.551967025 -0.981209934
C -1.180907011 0.558850229 0.165311903
H 1.796626687 0.194146112 -1.043979645
O -0.828183293 0.939960301 -2.239835024
H -2.099980354 -0.007342716 0.009323324
O 2.929717779 -1.486256003 1.231845498
H -0.110766269 2.200511932 -0.772948921
H -1.296657801 1.100794673 1.102711558
C 1.842041135 -1.179895878 0.871231377
O 0.217069909 -1.273493528 -0.823985338
H -0.531459987 0.019152004 -2.110792637
C 1.289256096 -0.433697194 -0.342611670
H -0.022071609 -2.162671804 1.700590134
