20

O -0.705070317 1.361959577 -1.084759712
H -1.529831409 -2.731818676 0.976899028
H 1.975364327 -0.282870919 0.104651369
H 3.219121456 1.009082913 -1.690204978
H -1.674614072 -2.002042055 2.600203753
H 1.676153064 1.444918394 0.215177357
H -0.177224755 -0.566589117 -1.125982165
H -0.384701222 0.819631338 1.578906178
C -1.410134554 -1.806627035 1.552293897
C 1.511308670 0.558881879 -0.404083282
H 2.069093227 -0.127233535 -2.391628027
C -2.025569916 -0.538654089 0.942018151
H -0.526072085 2.157568216 -0.558896601
O -0.079162449 -1.267067909 1.426987886
C 0.008022059 0.298413724 -0.476368487
C 2.151849031 0.773530543 -1.774648309
H -2.473762274 -0.681857407 -0.050656915
H 1.660454512 1.586425185 -2.312793493
H -2.707534075 0.016941957 1.572574019
C -0.577689886 -0.022593051 0.900310278
