16

O 0.101325370 -1.511578083 -1.398654580
C -2.221132517 -1.201128483 -0.913094044
H 2.415073156 -0.893903673 0.140402019
O -0.631314218 1.685697198 1.656550407
C 0.688232422 1.579111814 1.413221002
C 2.248886108 0.172533095 -0.053470865
H -2.361700535 -1.995364308 -1.638931990
C -0.743975639 -0.907612562 -0.777483284
H 2.267271280 0.283611953 -1.133844256
N -1.306136131 0.796273112 0.872993708
H -2.754955769 -0.303092599 -1.243558168
C -0.379879892 0.157273039 0.182642281
H 3.064990759 0.740038097 0.372062504
C 0.940324664 0.619831145 0.499105930
H -2.647489548 -1.469347000 0.045979023
H 1.320480585 2.247657061 1.976080418
