18

H -0.943987429 -1.045613170 -2.442343712
O -1.002829313 2.013834953 -0.094464891
H 2.204073429 0.093705282 -0.307446003
C -0.125958338 -1.171569467 -1.731413841
H -1.001889467 0.642330050 2.127217531
H 0.362569928 0.943443000 -1.691881061
H -0.397883475 -1.970842838 -1.036462307
H 0.750679314 -1.483364940 -2.294076204
C -0.643333673 0.023374230 1.303849697
H -1.042488694 -0.986296177 1.432329535
C 0.875738084 -0.037351593 1.292117834
C 0.147527933 0.131783769 -0.987227023
H -1.969227076 0.206757456 -0.439756513
H -1.650790453 2.310224295 0.545293212
H 2.590845346 -0.149791062 2.098801136
N 1.595851779 -0.103352010 2.328485966
C -1.002192616 0.594911635 -0.074675806
N 1.253293872 -0.012183979 -0.028347667
