18

H 2.900860071 -2.576887846 -0.039534617
H 3.366075993 -1.411915541 1.186948776
H 3.910084486 -1.197883487 -0.478751302
C 0.899302900 -0.072772339 -0.397073835
C 3.065200090 -1.512187243 0.132200122
C -0.659885347 1.708505988 0.465626091
H 0.078453019 1.652627110 1.258721828
C 1.877976775 -0.717030346 -0.158203885
H -0.137634709 1.258472323 -1.621673584
C -2.181956053 0.001214272 0.619567275
H -0.704903901 2.742273808 0.097014114
H -1.366989017 -1.199984670 -1.036993027
H -1.681967616 -0.666593909 1.326416731
O -1.956262112 1.368174791 0.950580359
H -3.258456230 -0.175816372 0.674058616
C -0.299624830 0.709824145 -0.686573863
C -1.589084387 -0.159867480 -0.768704176
H -2.261188745 0.249846682 -1.523625612
