20

H -0.580590785 -1.497247100 -1.552327991
H 0.794571877 3.088836908 0.030371297
H 0.686479628 1.342002749 -2.269825697
H -1.487864017 -0.875652730 -0.169695169
H 0.314497560 -1.370029569 1.991638780
C 0.494285673 -0.019345798 -0.384343177
C -0.971772552 1.968695998 -0.855315983
C 0.308594942 2.129043341 -0.086289920
H 0.481712788 -3.061473846 2.131511927
H -1.232658267 2.801306963 -1.493280411
H -0.341296643 0.775364757 1.577459097
H -1.827139735 1.471404791 -0.414586574
C 0.249590859 1.201762915 -1.299226642
N 0.103698052 -2.279014349 1.611606956
H 1.416862249 0.934977412 1.403636932
H 1.507555723 -0.403585613 -0.545705616
C -0.053688824 -2.444176674 0.260139257
C 0.478936464 0.936163187 0.861977458
C -0.484869301 -1.186902165 -0.509426296
O 0.143094227 -3.512130976 -0.288317919
