22

H 1.112268806 2.407248735 1.964385509
N 0.319850504 0.954704285 -0.261649579
H 2.366781950 0.904528439 0.332180947
H 0.738834500 3.499722004 0.627511799
H -3.038384199 -2.386782885 0.316334575
H -0.641722023 -2.761419058 0.859739423
H -0.104760051 0.124533303 -2.211043596
C -0.828960717 -2.388563871 -0.133428320
C 0.277771622 -0.149119347 -1.232704401
C -0.717948914 -0.863279164 -0.295926005
C -2.329150677 -2.178127050 -0.489466459
H -2.665039539 -2.675164461 -1.397035360
O -2.104206562 -0.772164941 -0.666479647
C 1.593312860 1.612089396 -0.020074554
H 1.218883872 -0.705810845 -1.335126042
H -0.267384142 -2.968845844 -0.864251614
H 0.522146881 -0.348573834 1.451523304
H -1.033891797 0.560756803 1.404888391
C 1.456925035 2.761293173 0.987292409
H 2.424393892 3.256852865 1.133113623
C -0.250587404 0.110175468 0.797369480
H 1.950865984 2.005946159 -0.967153907
