20

O -0.269120663 2.219427824 -0.934982836
H 1.435981035 0.836008549 2.529658556
H 1.669461489 -0.897792339 2.245946169
C 0.667804182 0.022212867 -0.068886556
N -0.016800381 -0.006239316 1.268750668
H -0.378413886 1.717548847 -3.012494087
C -0.598551512 -1.318097115 0.891570807
H 1.719584227 0.298504204 -0.027115291
H 0.800911188 -2.266987085 -0.754046202
H 1.305825710 1.766251922 -2.305503130
H -1.968522906 -0.096133478 -1.962640762
C -0.222166121 0.801612318 -1.010880113
H -2.267104864 0.510449231 -0.337332934
H -0.944492757 -1.999850392 1.639405727
C -1.533079147 0.032667011 -0.972600043
C 0.254309505 -1.461304426 -0.302126914
C 0.246790200 1.622319937 -2.124077559
N -1.191819191 -1.316485286 -0.432409436
H 0.368789703 -0.349992752 3.291358709
C 0.920613945 -0.114120379 2.378405809
