21

C 1.073560357 0.569763124 1.717087269
C -0.215206280 2.245965958 0.150323018
N -0.684039831 -3.824779987 -1.127499580
C -1.113425255 -2.681729794 -0.748962879
H 1.564618468 1.181912184 2.482643366
O 2.195124388 1.727603555 -0.096128583
H 0.105260536 0.268326849 2.107389688
H -1.238585353 -4.558094978 -0.708997488
C -0.016512692 0.969963849 -0.651189327
C 0.953980446 1.338933706 0.421212316
O 0.386731327 -1.446876645 -2.075472593
H 2.565288782 2.417434454 0.496007383
H -1.269291759 -0.376075178 0.496969819
H -1.002032518 2.277905703 0.878889799
H 1.689049721 -0.319509238 1.554055452
H -1.929710507 0.066442639 -1.062991619
C -0.464352638 -1.446940899 -1.209342003
C -0.994226396 -0.167736217 -0.542505324
H -0.012523046 3.187488317 -0.346575379
H -1.974258780 -2.538396835 -0.094705254
H 0.380550444 1.108399034 -1.640207291
