16

H 0.812123895 -1.150611162 -1.676601410
H -1.230425239 0.270049274 2.379363537
N 0.644773722 -0.748780608 0.441966772
C -1.359276891 -0.154695272 -0.450618535
H 2.275589943 -0.584492803 -0.850071967
C -0.111689121 0.505682468 0.268445194
C -1.187450647 0.059555918 1.323308110
H -1.056390405 -2.241931915 0.719334960
C 0.971920013 2.886081457 -0.130148113
H 1.697831154 -2.242721319 -0.572284102
C 1.389794827 -1.209906220 -0.732929766
O -2.315498590 0.378601611 0.476062536
C -0.770334959 -1.209309101 0.550075710
H 1.381913662 3.852749825 -0.294990093
C 0.493663758 1.803436279 0.057050429
H -1.636545181 -0.213707894 -1.507963657
