15

N 0.707019746 0.842814803 0.032543506
H -1.419246435 -2.270525217 -0.272312641
C 0.253118783 0.295059085 -1.178427577
H -0.886144996 0.185288623 1.183304310
O -1.390400052 -1.329960704 -0.199657276
C 0.027130350 0.761432469 1.123266101
C 0.380938321 1.461313725 2.313003540
C 0.608977556 2.030730963 3.323343277
H 1.010904789 -1.273119450 -2.612150431
C 0.660506427 -1.113761067 -1.598217487
H 0.815519094 2.550494909 4.237811089
C -0.774416745 -0.802381217 -1.342309594
H -1.450787067 -0.689704478 -2.194754124
H 1.182655931 -1.681632757 -0.838751793
H 0.274224222 1.033950567 -1.976690888
