17

H -0.725546360 -1.761644602 -1.499032855
N -0.643159866 -0.916552186 -0.969718933
O -1.807075858 2.450458050 -0.857680619
C 0.230826274 -0.902802408 0.045452524
N 1.327053070 0.272663414 1.855105996
H 1.936717272 1.105283737 1.892778993
H 0.964887440 0.090021178 2.794639587
H 1.126561046 -2.677731276 -0.341317385
C 0.429995239 0.221577138 0.807629228
H -0.283198357 2.169598818 1.039342642
H -0.426105231 0.606912851 -2.431966782
C -1.082771182 0.299642861 -1.599430323
N 0.872642994 -2.065146923 0.420865625
H 1.627296329 -1.890743971 1.068462968
C -1.139732361 1.472105384 -0.646229029
H -2.094218016 0.159466386 -2.016678333
N -0.314172745 1.366891265 0.437776476
