21

H 1.599667430 1.780879021 -1.834190488
H 2.559180260 0.898941457 0.123342909
H -1.832565308 1.516193628 -0.669863462
C -0.887244761 1.660100460 -1.209437132
O -1.953821301 0.398494810 1.620823503
C -0.441644222 -1.675436378 1.678380132
C 0.129671559 0.617185354 -0.820386350
H -0.042484969 -1.234100342 2.590696812
O 2.582477570 0.366131186 -0.671490133
H -0.518586516 2.661992311 -0.984871149
H 0.493696541 -2.469102383 -0.165129960
H 1.630790591 -1.483276129 0.737540603
C -0.159953400 -0.388817549 -0.005710571
H 1.548471332 0.105315499 -2.359142303
H -2.165921211 -1.172421575 0.414141983
C 0.577296853 -1.615791678 0.505559981
H -0.875933826 -2.635607958 1.929018021
H -1.269245982 0.958861530 1.959166527
H -1.093767881 1.622030735 -2.286605597
C 1.468850851 0.754556179 -1.477873802
C -1.348933339 -0.666128337 0.926030576
