17

H -2.699865103 -1.322727561 0.184020698
N -2.233255148 -0.522165954 -0.243743777
H 1.918677568 0.849545717 -2.107758284
H 2.285507441 0.143254742 -0.527994931
H 0.401104540 2.358187914 -0.180783242
C -0.805627584 -0.941163301 -0.585080266
H 1.130134106 -0.330905080 1.383149862
C -1.370261431 0.158244923 0.806201994
C 0.553943098 1.378834486 -0.570687890
O 0.728262842 -1.201920033 1.527468443
H -0.596451283 -1.577038050 -1.445471883
H -1.083698273 -2.014309406 1.385059476
C -0.534375787 -1.170532584 0.968709767
H 2.603264093 1.859355569 -0.824234366
C -0.401056439 0.475624144 -0.300879121
H -1.816851258 0.817090571 1.551779509
C 1.920548558 1.040623665 -1.019755602
