17

C -0.057499010 -1.351552606 1.043576121
H 1.426278353 1.205995083 -1.245680809
C 0.417869896 -1.251998663 -0.414040178
C -0.328284085 -0.147499740 -1.162361741
H 0.442442626 -2.157097816 1.593017578
O -0.204424396 2.298740625 1.616771936
H 0.102359116 1.639340043 -2.428543806
C 0.162732616 -0.062130135 1.779279113
H -1.138171434 -1.567089081 1.060465455
H -1.575330853 1.639836431 -0.628368855
C -0.650445223 1.127609611 -0.394601047
C -0.224591359 1.255695224 1.017947555
O 0.606813967 0.025789840 2.888058424
H 1.492078424 -1.089180589 -0.431046039
H -1.096826553 -0.480238080 -1.857103944
H 0.243233249 -2.211263418 -0.920587122
C 0.381764919 1.125043511 -1.516782880
