19

H -0.022925256 -0.596165955 2.566123962
H -0.466097951 2.097088337 -0.079915784
H 1.355795979 0.892126262 -2.030972958
C 0.847092927 0.094782017 -1.482740641
H -1.524181485 -1.376478076 -0.594762564
H 1.351301670 -0.843161881 -1.731284857
C -0.059664980 1.361198187 0.603443205
C -0.521686256 -0.046076316 0.540210903
H 0.223134860 1.750236511 1.575857162
C -0.769503593 -0.834973514 1.808273911
H -0.703080177 -1.911966085 1.627184868
C 0.891441643 0.299784511 0.036847007
N 3.026232958 -0.317419350 1.325503469
H -1.749646902 -0.614504874 2.213461161
H -1.027791023 1.028155804 -2.118526220
C -0.667837560 0.049037520 -1.801902056
H -0.889917850 -0.630809486 -2.620365620
N -1.369456649 -0.371718854 -0.580474854
C 2.076789379 -0.029134454 0.744039774
