17

O -3.194550991 -0.302267641 1.396060109
C 1.089319468 -0.565508246 0.950563252
C -2.174823761 0.251967072 1.169839740
O -0.347974956 1.106795192 -0.176896200
H -1.308333874 -0.742874622 -0.521659732
H 0.455427468 -1.445750952 0.815348685
H 2.124575138 -0.905870914 0.994756281
H -1.629425049 0.836264610 1.942510128
H 1.614306688 1.290413022 0.024233013
H 0.620964527 -0.952321231 -1.809627771
H 2.295809984 -0.478060871 -1.559032679
C 1.264390111 -0.103683531 -1.543512821
C -1.501305699 0.286983848 -0.198117599
H 0.835028827 -0.109393783 1.920700908
C 0.924330652 0.458880454 -0.181190193
H -2.218443632 0.720739067 -0.910741746
H 1.150704384 0.653688252 -2.313233376
