17

O -0.638894320 2.665993452 0.163306355
C 1.303471208 -1.206773639 -0.120695226
C -1.335123658 0.415942103 0.589006960
O -2.437491417 0.894231200 0.720198274
H 1.960595369 -0.754236042 0.633968830
C 0.453991175 0.923640490 -1.097746849
H 0.038146771 -2.739314318 0.813533366
H 1.859056950 -2.073904991 -0.480667382
H 0.566333234 1.236653686 1.013147593
H 0.330002487 1.635359168 -1.902575016
C -0.170554116 1.356599212 0.217213139
C -1.085943222 -1.011477113 0.791714132
H 1.518262506 -0.479516059 -2.206829786
C 0.045488171 -1.703898668 0.536199629
H -1.599941134 2.585030794 0.316033572
H -1.915098429 -1.531957626 1.258782625
C 1.107698679 -0.212371886 -1.244589925
