19

H 2.106342554 0.116463155 0.686471879
H -1.131407261 2.806704760 2.190545321
H -1.638655424 0.995939434 -2.121559143
C -0.784653246 1.859131813 1.863900661
H 1.825178862 -0.557401836 2.278648138
C 1.580691695 -0.664177954 1.225086331
H -1.067968011 -0.437312275 -2.983440161
H -0.302306950 1.129311085 -3.242418766
H -1.308060527 -0.778772891 -0.469443858
C -0.757906020 0.480562329 -2.487433195
C -0.401789576 0.789909959 1.502429843
C -0.598396540 -1.582842946 1.779328585
C 0.061462350 -0.518404484 1.008997560
C 0.247259408 0.214647070 -1.374694943
H 0.511879981 1.158577919 -0.899149060
N -1.116306782 -2.426114798 2.370574236
H 1.156471372 -0.218879774 -1.794688225
N -0.290816784 -0.730603158 -0.403224289
H 1.908980727 -1.636736989 0.870069802
