20

C 0.113167405 0.283881277 -1.068921924
H -0.923083782 1.516943932 1.322710752
H 0.449187845 -0.444976270 3.163754940
C -0.546852112 -0.292906940 2.732587337
H 1.244013548 -1.352842808 -1.947361827
H 1.065291643 2.154131413 -0.477422446
H 0.287895977 -0.422931224 -3.113742590
C 0.301130474 -0.828150153 -2.096951723
H 0.965849400 -0.876906335 0.619754314
H -0.503318906 -1.568177700 -2.017299175
C -1.228982210 -0.774086535 0.875115693
H -2.130666971 -0.974158287 0.290842026
H -0.849683464 0.778058589 -1.242112279
C 0.086894430 -0.290478885 0.335228473
C 1.210211635 1.350445747 -1.197446585
O -1.070787668 -1.490198374 2.093618155
H 1.211272240 1.782526255 -2.198614359
H -1.234352708 0.052473228 3.505678415
H 2.188828707 0.914407015 -1.015859842
C -0.636015356 0.482945859 1.436442375
