16

N 0.807270586 -2.157116413 -0.498777568
H -0.734351575 3.210727692 -0.065087959
C -0.251424164 -0.239044905 -0.118409246
H 0.757373154 2.362074614 -0.490152359
H 1.255616188 -2.711692572 1.511542082
C -0.980523884 1.058354855 -0.320171535
C 0.798639536 -1.986881018 0.857539296
C -0.169783682 2.291558981 0.089696400
C 0.152382225 -0.813189268 1.133539081
H 0.113139614 2.249810457 1.145323873
H -0.020526526 -0.407778710 2.116615057
H -1.272273064 1.148400545 -1.363724470
H -1.912325859 1.054136276 0.255182326
H 1.203815818 -2.926933765 -0.985513210
H 0.081755415 -1.038528681 -2.176719427
C 0.171216190 -1.093899012 -1.090881944
