19

H 1.699617624 -0.550101459 2.006458759
H 1.917020679 0.327228010 -2.271308899
O 1.007924199 1.838221788 -3.265887976
H -0.957291961 1.117793441 -1.711564064
O -1.958495617 0.739772260 0.732897401
C 0.935078502 -0.961218238 1.331969142
C -0.729016483 0.427965403 1.292778730
C -0.263717264 0.293431878 -1.951916814
H -1.109827399 -1.717851877 1.533874750
H 1.141001701 0.916083634 0.064841062
C 0.995002151 0.887820601 -2.549548626
H -0.470448822 1.253422856 1.959443688
C -0.473982245 -0.946056485 1.977495074
O -0.009027859 -0.548605025 -0.849209547
H 1.280325294 -1.886758804 0.905810773
C 0.465579748 0.106335536 0.325894982
H -0.731174946 -0.339278787 -2.713114738
H -2.177719831 0.035886079 0.120431140
H -0.560848117 -0.994090736 3.060654402
