20

H -1.432208896 2.567564249 0.821311831
H 1.768178582 -2.696737289 -0.327937722
C 1.592915654 -2.670406103 0.737456858
C -1.217513680 0.888233244 -2.228633881
H -2.036141872 1.438176036 -2.719504833
C 1.592566133 -1.202851415 1.212627411
H 2.384675503 -3.235721111 1.243984699
C -0.311401814 0.209459484 -0.011250892
C 1.466826558 -1.124377012 2.688777208
C 0.562801242 -0.406231314 0.549878359
H -0.271291435 1.310869694 -2.570169687
H -2.104374170 3.047624111 -0.737314284
H -2.325186729 0.601955414 -0.411706656
C -1.301061392 2.475242376 -0.254605174
C -1.344384432 1.002502322 -0.703665733
H 2.573485374 -0.765076458 0.982123077
N 1.374481678 -1.097420454 3.830375671
H -0.351353198 2.942447186 -0.514777780
H 0.647306204 -3.135137081 0.959714174
H -1.268319845 -0.150116846 -2.546682835
