20

H -2.092652559 0.360621661 0.090989031
C 1.490837336 -1.199420214 -1.039092064
H -0.048685975 1.912655592 -1.217674136
H 0.217742488 -2.093717813 0.595874846
H -1.326878548 -0.787904501 2.213016748
H 0.411702991 -0.479668945 -2.984497547
H 1.945057392 -2.172364473 -1.207564235
C -0.532948852 -0.054050047 2.195901871
C -0.600099921 -0.747702360 -1.036701322
H 0.258115053 -0.390999138 2.870663166
H -0.937735558 0.890870035 2.568222523
O 1.097241521 1.029921889 0.785910308
H -1.583214641 1.885359645 -1.676470041
C 0.026152786 0.137255564 0.802700579
C 0.365447968 -0.810967445 -1.976267338
H 2.259235620 -0.441197485 -0.931597888
C -1.099024296 0.467959732 -0.310741425
C 0.370614618 -1.181231618 0.049559563
H 0.762178719 1.880598903 1.078905463
N -0.983085752 1.793981314 -0.871137440
