15

H -1.620426774 0.418421358 1.698457956
H 2.269049883 0.654476523 -0.166555211
H 0.593416572 1.661869764 1.471120358
C 0.430142432 0.693260550 0.988672376
H 0.833582222 -0.068072088 1.645866156
H -0.502243638 -2.176750660 -1.510689259
C -1.328086495 -0.858653903 0.016582701
C -1.063802838 0.441196263 0.765777409
C -0.287948847 -1.267861247 -0.939330101
C 1.187380314 0.648567140 -0.342039466
C 0.832380533 -0.569104254 -1.135952234
H -1.497702479 1.257811308 0.163783625
H 1.532034397 -0.884670019 -1.900864482
O -2.352445126 -1.494424224 0.186944738
H 0.974669993 1.543933749 -0.941774666
