14

C 1.916136384 -0.619640172 1.251843810
C -1.105929852 -0.389589190 -1.053273678
C 0.120743886 -1.014302731 -0.443027079
H 0.450102508 -2.008100271 -0.690637648
H -2.057394028 1.168165445 0.187059000
H -1.997002244 -0.983344197 -0.861668408
O 2.686838627 -1.497227907 0.970598996
O 0.403277576 2.027359724 1.189969540
H -0.993306756 -0.353309661 -2.139398813
H -1.117460251 1.823917150 -1.134280324
H 2.032225609 -0.039894529 2.185662270
C -1.161880374 1.016506195 -0.402486771
C 0.749716222 -0.222995266 0.428024501
C 0.073932543 1.092455268 0.511614680
