18

H 0.675520182 0.379427612 2.278719187
H -0.175931588 3.247667074 1.388136744
H 1.569155216 -3.292295933 -1.453369260
H -1.985576868 0.444399536 -0.358120292
H 0.606067181 -2.896266699 -2.873747826
N 0.824420035 2.268501043 -1.778072357
C -0.389748782 2.202956438 1.556693673
H -1.259644389 2.017515421 2.162895441
H -0.024508560 -4.012793064 -1.661115170
C -0.047814056 -1.986902595 -1.086024165
C -0.533406198 -1.047698021 -0.490908831
H 1.758976936 1.627876401 1.502570391
C 0.402225494 1.803756356 -0.806544185
C -0.136607736 1.239643574 0.404048324
C -1.108492017 0.085224502 0.203469589
H -1.488866925 -0.222835034 1.187568545
C 0.552630007 -3.099395990 -1.802676082
C 0.761602581 1.241219163 1.626476526
