23

H 1.557495117 -0.752216935 -1.638940811
H -2.269482851 2.379219294 -1.131938338
H -3.381001711 1.003712058 -1.031679153
H 4.789416313 -1.552165985 -0.490144521
H -1.600154161 -0.217331871 2.260836124
C 0.568191946 -0.176777855 0.195266098
C -2.769077301 1.697811127 -0.437725127
H -0.704111934 0.436831981 -1.422899246
H 0.989695787 -2.103909254 -0.701231301
O -1.167366743 1.694377065 1.430982709
O 2.987578869 -1.369280338 1.202954531
H 3.749101877 -1.277356505 -1.850385547
H -3.426354885 2.285268545 0.205841392
N 3.861991405 -1.424031854 -0.871112347
H 0.474858165 -0.578251779 1.204237103
H -1.321845412 -0.931244373 -0.541076303
C 2.824592829 -1.311158895 0.008642471
C -1.758983374 0.926149964 0.371898502
C -2.060403585 0.630580962 1.775757909
C -0.818774104 0.027236870 -0.416992515
C 1.447518110 -1.108889937 -0.629925311
H 1.037266493 0.792876422 0.305217624
H -3.010150909 0.928550363 2.202416182
