18

H -1.876353502 -2.211813927 -0.102690019
H 0.454584986 1.609036088 -2.117568016
C 2.112941742 1.966216445 0.061466873
C 0.015197854 0.527372122 -0.219982743
H -0.543156445 1.387648582 0.152921036
H -1.623762131 -1.111654520 -1.456735492
H 0.712352931 -0.211962625 -2.190371513
H -2.514188290 -0.551788807 -0.022303829
H -0.585757196 -1.929510117 1.943605304
N -0.400473684 -0.771571696 0.195663035
C -1.670976162 -1.177001119 -0.372104287
C 1.520209432 0.734186530 -0.349088639
H 0.594390810 -0.618246138 2.034751654
C 0.630049229 0.682254910 -1.578649640
H 2.124113560 -0.145816252 -0.163857222
C -0.392047465 -0.893058836 1.647956491
N 2.583154202 2.965465069 0.389245570
H -1.140279889 -0.249755859 2.147741318
