14

H 1.043095231 -1.092824221 -2.198045731
N -2.480259895 0.305555463 0.386443466
H 2.061918974 -0.701147079 -0.812180936
C -0.076251179 0.497950941 0.404790193
H 1.170043826 -2.233563423 -0.850471914
N 0.998805702 1.187975407 0.881591558
C -0.050035492 -0.537400663 -0.477588981
H 0.764640927 1.824180961 1.634489655
O -1.463601589 1.881896496 1.676324725
C -1.351167560 0.977759123 0.896109045
C 1.129447818 -1.174341202 -1.119352341
N -2.462073088 -0.642721176 -0.408383757
H 1.920334578 0.834060252 0.836842000
O -1.204898238 -1.127380490 -0.850567102
