25

C -0.360183835 2.256586313 0.612446845
C 2.419113874 -1.079146504 -0.485680550
H 0.252730519 -2.766436815 -1.975530624
H -0.779345512 -0.673109233 -1.815032125
H 0.757188082 -0.067021765 -2.457925081
H 2.734682798 -1.565501571 -1.407487392
H -2.524123430 -0.444836050 0.876996875
C 0.909187317 -0.869043171 -0.470054686
H 2.717043877 -1.702679992 0.358695537
O 0.545024037 -2.063931704 -2.552426815
C 0.354905754 -0.183970749 0.733257234
C 0.305257231 -0.852363586 -1.846735001
H 0.032898337 1.624818683 2.712863207
C -2.162940264 0.424331963 0.330312163
H -1.033350825 2.926135063 0.106471777
H 0.684726119 2.464662790 0.417225301
H 2.965022087 -0.132422850 -0.399120063
H -2.215667009 0.194403782 -0.730087578
H -0.801152408 -1.773283720 0.294302285
H -1.683455825 2.080893517 2.399865389
C -0.740302622 1.748783112 1.979252696
H 1.092127204 0.024076780 1.490894675
C -0.778248131 0.818356335 0.784079015
H -2.856866360 1.235494733 0.497645110
N 0.165729433 -1.624796033 0.545771897
