19

H 1.128108144 -0.188457996 -2.863640070
H 0.370206445 1.433678150 -0.863756597
H -2.363386631 0.705719769 0.700631142
H -0.750379503 0.105267592 -1.110554457
C 0.119610503 0.434064209 -0.529902577
H 0.554983795 0.963821948 1.491111040
N 1.258905768 -0.435421646 -0.712436736
H 1.570672035 -2.575386047 -0.914968610
C -0.255189955 0.456783861 0.960019648
H -0.005499254 -1.980298162 -1.594629169
H 0.391188234 -1.300483704 1.354749203
C -1.871832490 1.382098675 2.597121716
C 1.686268091 -0.665674150 -2.074699163
C -1.551498771 1.224596739 1.184883237
H 2.756713629 -0.701392114 -2.225095510
N -2.124489307 1.512418866 3.723855495
O -0.447163343 -0.841703057 1.449867964
C 1.009102821 -1.745502234 -1.310141802
H -1.476319909 2.215869188 0.737585247
