18

C -1.553382993 -0.925784409 0.076602370
H -2.579722881 -0.601071775 -0.076757878
C 1.090305448 0.921529055 -1.147281289
H 0.621675253 1.896395087 -1.202118039
H -0.358680755 -0.605542362 2.470355511
H 2.896714687 0.281307369 -1.453141451
N -0.895756304 0.183582172 2.098437071
C -0.700344503 0.238815501 0.636135459
H 0.673127532 0.315992117 -1.964770794
H -1.606585741 -1.705939889 0.858444989
C 0.780390203 0.278754503 0.215599716
C -1.057745814 -1.589295506 -1.123490214
O 2.473204136 1.137283683 -1.337139487
H 1.336736202 0.848705411 0.962713301
H -0.506916106 1.012889624 2.520486116
H -1.151224375 1.177652955 0.297640234
H 1.199346542 -0.738980114 0.230401844
N -0.661140501 -2.126293182 -2.062117815
