13

C 1.168350458 0.825925827 -2.150383234
H 1.780846357 -0.219701827 0.548058152
H 2.259842157 0.754706562 -1.926432133
N -1.003771782 0.427784353 -1.119129062
O 0.764195681 1.214560390 -3.221208096
N -0.611548185 -0.962382019 2.134288311
H -1.433149219 -0.660920203 2.626405001
C -0.392668545 -0.396446913 0.899741888
C 0.318129689 0.384193987 -1.042402267
H -2.401071787 -0.209270090 0.223293900
C 0.766792536 -0.106084466 0.224189118
N -1.416855335 -0.055506252 0.073006332
H 0.200907648 -0.996859372 2.730572701
