23

H -2.505093575 -1.339070559 -0.422367096
C -1.607663989 1.377997994 -0.442053050
H -1.677654982 -1.645250797 1.111625791
C 2.019659758 -0.863725603 0.384510159
C 0.974223435 1.194820762 -0.629221141
H 3.086683273 0.893699646 -0.208521470
H 2.104276657 1.104871511 1.231536150
C -1.574295044 -1.702165246 0.027544178
C 2.114427567 0.634920776 0.236586854
C -1.064000845 1.158565998 0.938472450
H -1.504360557 2.350515366 -0.881869197
C -0.337127507 -0.949234545 -0.480728060
H -1.496690273 -2.763993979 -0.228063405
H -2.518071890 0.870153844 -0.704305053
H 0.931321561 -2.641389132 0.191092029
H -0.335183322 -1.092385173 -1.582644820
H -0.581788421 2.001917601 1.438684940
C 0.933708608 -1.563565969 0.069984272
H 0.927778482 2.285942316 -0.528167725
C -0.351048797 0.558079302 -0.234395355
H 1.184724927 0.985499144 -1.677220583
H -1.613505244 0.517868459 1.621917248
H 2.889681101 -1.374072194 0.767603338
