18

C 0.949408591 -1.877693176 -0.150850803
C -0.991938412 -0.128581196 -0.705393374
H -1.540979981 -0.714046717 -1.434354544
C 0.374637216 -0.484703183 -0.003595133
H 0.280098945 0.520689428 2.050868034
C 1.276884079 0.683523417 -0.376937240
H 0.879223287 2.748985529 -0.843915582
H 1.240588784 -2.086218596 -1.173630476
H -2.437873125 0.736271143 0.918837011
H 1.824633002 -1.996787906 0.493939400
H -0.661100864 -0.976286292 1.855852485
H -1.651266098 1.966015935 -1.138893723
H 0.208748356 -2.639129877 0.155786231
H 2.352261543 0.657994509 -0.241231978
C -0.303426147 -0.080543093 1.352630615
C -1.429500461 0.556316555 0.565940678
C 0.527409732 1.745267630 -0.674696207
C -0.897808135 1.368926167 -0.650355577
