19

C 0.161098495 0.536952972 0.496219248
H 1.964659810 -1.034259439 3.064545393
H 1.226322651 -1.301945925 0.690117478
H -2.906898022 -0.725398183 0.013076393
H 2.213054657 0.133696154 0.856007159
N -1.159555674 -0.033488855 0.812745869
C -1.922950149 -0.315063298 -0.164446965
N -1.613257647 -0.103828855 -1.498929381
H 0.203376710 -0.891740739 2.954945564
H -0.748426616 0.613388181 -3.762336493
C 1.256777525 -0.313261092 1.150158525
C -0.338698059 0.356779426 -1.791730046
H -2.201591015 -0.482259363 -2.217147589
H 0.183049515 1.525935650 0.974069297
H 1.200018883 0.563931406 3.135718346
N 0.489580482 0.754651308 -0.921491206
C 1.145194411 -0.426357895 2.672265530
H 0.854745209 0.818090618 -3.315471172
N -0.006501980 0.324177653 -3.148315907
