19

C -1.043970942 -0.803985536 -0.958693266
C 1.049021125 -0.212704524 0.150541097
H 0.712947488 0.726059496 2.688631058
O 0.037408315 0.974290967 2.063308477
H -2.404261589 1.468729615 -0.473349810
H -2.227600813 -0.387577385 0.852454424
C -0.091025122 -0.096073188 1.149118185
C 0.462649733 -0.731376588 -1.124109983
C -1.371852636 0.027790358 0.314079881
H 2.726104259 0.156891972 0.975066245
C 1.076800108 0.660641611 -1.066550612
H 2.046026468 0.761930645 -1.536001801
H -0.126666665 -1.063449025 1.676658034
H 0.967825890 -1.478712201 -1.700630069
H -1.590606809 -0.421607286 -1.818429232
H 0.454810798 1.529822588 -1.088966489
O -1.589324355 1.398197174 0.028538363
O 2.251506805 -0.661429524 0.678491592
H -1.339791536 -1.847439647 -0.810155749
