20

C 1.164136529 -0.785538554 0.449569851
H 1.934733748 1.051092744 1.313405514
H 0.221619591 0.781353116 1.550151706
O 1.007162213 -1.576820731 1.616190672
C -1.621425152 0.684606552 -0.373678714
H -1.942621827 -1.355436683 -1.036369920
H -0.748192132 2.186633348 -1.772901773
H -1.630972981 -1.218288660 0.659749269
H -1.870171428 1.036730647 0.637733340
C 0.707014084 1.571812153 -0.380538851
C -1.313841462 -0.839354813 -0.312913597
H 1.494190812 2.178802967 -0.807198644
H 1.697820067 -1.345662951 2.228129387
H -2.531656027 0.839448392 -0.959655285
H 0.186135590 -2.354768038 -0.588297725
H 2.161499023 -0.950640261 0.019098105
C 0.136226103 -1.261653781 -0.569713950
H 0.434575468 -0.907647789 -1.557470679
C 1.027150154 0.705971718 0.808279991
C -0.513382435 1.559360385 -0.923568606
