16

C -1.443942547 1.105822682 0.794819117
H -2.358404398 1.347595811 0.244519040
C -0.860691369 -0.176140592 0.240893289
N 1.217617393 0.448242068 -2.517593861
H -1.698748946 0.984780133 1.847798705
H -1.522746563 -1.014991999 0.396201074
O -0.627752244 -0.058572717 -1.161697030
N 1.365824103 0.179069728 -0.205244943
N 1.028451204 -3.049663067 1.059857488
H 2.359445333 0.021495741 -0.247341856
C 0.696437418 0.202488661 -1.412839532
H -0.758954525 1.932116747 0.689254880
C 0.561885118 -0.483784914 0.803141713
C 0.815898061 -1.928440213 0.941611886
H 0.703110099 -0.010721898 1.783131838
H 0.522571623 0.500704050 -3.256511927
