14

C -0.537868857 -1.060832024 -0.572703898
H 1.243829966 2.150439262 0.643897712
N -1.080281734 -1.145890355 0.774848700
H -0.917148650 -1.711381674 -1.345662355
C 0.665772736 1.283435702 0.335221946
H -2.385691166 0.155356333 -0.461343527
C -1.389854789 0.047141917 -0.077008702
O 0.845206499 -0.920470595 -0.690054953
H 3.125478506 -0.719561875 -0.300040781
H -1.238705158 2.165147305 0.572168589
H -1.881086469 -1.765759706 0.759418428
C 1.485334396 0.126376733 -0.059612289
N 2.731916666 0.118315488 0.105848938
C -0.666901350 1.277682900 0.315022022
