23

C 1.411411643 1.386142731 0.619605362
H 1.479347229 3.247462034 -0.469628572
H 2.893392801 2.993140936 0.542890429
H -1.903949738 -2.148054600 -1.984055281
H 0.902693808 0.210383058 -1.093744993
C 2.174616814 2.491446257 -0.106958561
H -3.011669159 -0.783469737 1.146487713
H 2.724416733 2.090027571 -0.958940625
C 0.380917728 0.698608577 -0.279054552
C -2.596244097 -1.487504005 0.426197678
H -0.363141298 -1.285654902 -2.058712482
H -0.970970988 0.188826993 1.309556484
H -0.550232828 -2.648847580 -0.960751116
C 2.358334780 0.402137637 1.160818815
H 0.116239838 -1.117562771 0.888737142
C -0.505339682 -0.311629593 0.472290248
C -1.063609600 -1.780644655 -1.376716137
H -2.239487886 -2.368849039 0.990178883
N 3.131450176 -0.389893919 1.551069975
H 0.888389170 1.828611851 1.478159428
H -0.265784264 1.459411502 -0.708891094
H -3.419442654 -1.816827655 -0.221536666
N -1.571339011 -0.857260466 -0.367001623
