18

H -1.258049726 -2.149246454 -1.286956310
H -2.092133760 0.657721102 -1.452958703
C 0.058483541 -0.009981569 -1.651070714
H -0.864596784 2.670849085 -0.264465958
C -0.524533033 -0.605717301 -0.396817386
H 2.172642469 -0.458603621 0.416393220
O -1.160399675 -1.842731953 -0.405149937
H 1.508244872 -1.836659074 1.302563071
O 0.439628214 1.977125168 1.854588628
C 0.081684753 -0.260761738 0.952904224
N -0.832618713 1.691304803 -0.023090122
C -0.053184573 1.269998431 1.025911689
H -0.594763756 -0.664534271 1.714806914
H -0.120617658 -0.522327065 -2.576357603
C 1.490328312 -0.750590205 1.220196843
H 1.015128613 0.504109681 -1.621084690
H 1.859311581 -0.316485852 2.151656866
C -1.124554873 0.646530628 -0.961070240
