19

C 0.036765032 1.425809979 -0.278551728
H 0.176472872 -0.338226885 2.781655788
C -0.513989270 -1.439803600 -1.173400044
H -0.274461329 2.328997374 0.263909072
H -1.225527525 -2.260115385 -1.351057053
C -0.809722781 -0.233370200 -2.068831682
H 1.776209950 -1.377791762 1.128121614
H -2.128127575 1.183506250 -0.926405132
H 0.817411184 1.700215697 -0.983532190
C 0.317290068 0.232230946 0.643185735
O -0.834952116 -0.081637569 -3.247078180
H -1.578411937 -0.974996150 0.761118531
H 2.526787996 0.254014820 0.827170432
C 1.631543279 -0.301279396 1.085320473
C 0.683259249 0.325735450 2.086565018
C -0.856832385 -0.559489787 0.056484640
C -1.176004887 0.660780847 -0.870633125
H 0.501612246 -1.835102677 -1.228086710
H 0.930677831 1.290521741 2.494044065
