16

C -0.221485212 0.583529651 -0.120145127
C 0.392409086 0.115419462 1.180358768
H -0.129540145 0.230459884 2.129538298
C 1.583391666 -0.442263246 1.003913522
N -3.353799820 0.671143234 1.440747380
H 2.942492485 -0.493751287 -0.819684207
C -2.593984842 0.349784017 0.631052136
O 0.983828545 -1.277213216 -1.216302633
C -1.617815018 -0.029721761 -0.375448704
C 1.920320988 -0.481046438 -0.445974112
H 0.894139647 0.651828229 -2.103779316
H -1.987814903 0.280060887 -1.363170147
H -0.319128722 1.665847898 -0.146536425
H -1.516407251 -1.113689184 -0.404748917
C 0.793579400 0.136451051 -1.160134554
H 2.229814291 -0.846838892 1.770313859
