18

O -0.783868015 0.942868471 -2.369740725
O -0.169588953 0.402699590 1.631595969
C -1.068619609 0.922561347 2.610447645
C 0.195685416 0.054021925 -2.020051003
H -0.603584588 1.818993330 3.016985655
H 3.934785128 -0.663321674 0.584122002
H -1.140538216 -1.604655147 -1.460947394
H -2.050389767 1.158084154 2.203688145
H -1.155963421 0.173001736 3.393326283
H 0.565676093 -2.124861717 -1.858778834
H 1.112620592 0.218852490 -2.563003540
C 1.781321764 -0.462786317 -0.076856978
C -0.105845906 -1.329681396 -1.578621387
O -1.765613079 0.388978273 0.049783085
C -0.607746661 0.185837373 0.415254563
C 2.922764301 -0.576573133 0.256879687
H -1.492297649 0.842886686 -1.710004091
C 0.431202322 -0.346906006 -0.524079680
