17

C 1.740507245 0.946554840 -0.500966191
H 1.899748087 1.266159415 -1.516381025
H 2.128541231 -0.065811045 -0.371683955
H -0.971796393 0.305702031 -1.905872703
O 0.197467744 -1.677041650 0.555342853
C -0.638655424 0.029595768 -0.921055079
C -1.615417957 -0.682346463 -0.010895565
H -2.689977169 -0.711905479 -0.080804639
C -0.736080647 -0.786282182 1.241820335
H -0.481172502 -2.223409176 -1.414525151
H -0.119460128 1.993141294 -0.239263773
C 0.007683231 0.541995347 1.317931056
H 2.304721355 1.608988523 0.161203116
H -1.103393555 -1.199547052 2.172826529
C -0.517063379 -1.455903649 -0.662170708
C 0.258277029 0.971557081 -0.135474712
O 0.336071700 1.138552785 2.309969664
