18

H -2.564982653 1.569710255 -1.678600788
H -3.341378927 0.485520154 -0.522860229
H 2.124698162 0.941092610 2.034112215
H 2.215395451 -0.809958577 2.000755787
H 3.009510040 0.144381106 0.734782040
N 1.263325691 -1.914456606 -0.945857942
C 0.849685252 0.055122316 0.551611841
C -0.248192951 0.975957990 0.638254523
C 0.526447117 -0.847888529 -0.424924195
C -2.520197392 1.211109042 -0.636215329
H 1.978043199 -2.204552174 -0.295150369
H -2.726339817 2.055393457 0.006297091
H -1.132733583 -0.949544907 -1.729996204
N -0.704765558 -0.504109621 -0.938059866
H 0.694483221 -2.716892719 -1.172493935
H -0.328013122 1.814099550 1.309509873
C 2.108523130 0.075249299 1.364699006
C -1.203506470 0.619766891 -0.295863301
