21

H -1.467469454 1.264838696 -2.573789597
H -1.744317770 2.391551733 -1.258138657
H 0.153810754 -3.441229820 2.646872282
H 0.941574633 1.737769127 -2.576316833
H -1.241654515 2.976366520 -2.864437103
O 0.713379562 1.329430461 -0.596955657
H -0.201562211 -0.359324545 -1.330809593
C 0.668120980 -2.595607519 2.196557045
C 0.014359623 -1.273988843 2.409065008
C 0.365410864 2.099685431 -1.715801358
H 1.732801676 -2.654021502 2.152107954
H 0.738548934 3.109194756 -1.478580117
O 0.815505207 -0.218777344 1.901855230
H -0.945617318 -2.414951086 0.580306590
C -0.111738890 -1.942976356 1.072650433
H -0.703590274 -1.032779574 3.182221651
C -1.110982299 2.185073376 -2.120550394
C 0.708651841 -0.759582400 0.555225492
H -0.995909095 0.427198827 0.051523216
H 1.693797946 -0.996802509 0.160040483
C -0.023119884 0.168931559 -0.393046200
