20

C -1.108569860 -1.864515781 0.372576714
H 1.564024448 -0.234937921 0.966685236
C 0.926780641 -0.033957735 0.102046937
H 2.576371908 0.259249568 -1.264545083
H 0.007758497 0.410921186 2.341632843
H -2.175275803 -1.859588861 0.545656979
H 1.998510003 -1.395651340 -1.163440585
C 0.103027314 1.290651202 0.278869629
H -0.793762863 0.550487459 -1.699101329
C 1.678432941 -0.365712643 -1.176800489
H -0.641004562 -2.431292295 1.184835076
H 0.916703999 2.809789419 -0.542181969
O 0.544015706 2.584946632 0.313181370
H 1.086366892 -0.218136311 -2.075105906
H -1.585948229 0.993378878 1.724162340
C -0.610100925 0.614060044 1.457793117
H -0.913011134 -2.384480000 -0.567225516
C -1.007159591 0.676950634 -0.636345387
H -2.012320042 1.063347340 -0.492629528
C -0.554839432 -0.465509385 0.329935074
