17

H -1.747994542 -0.739534199 1.832394600
N -0.221539959 2.966952562 -2.910392523
C 0.055094566 1.987661123 -2.360231638
O 1.167594075 0.581606328 0.733942449
H 0.968615770 -1.681937695 -0.688350976
C 0.363139391 0.761887550 -1.642728686
H -0.609933257 -2.200133085 -0.078287967
C 0.057909135 -0.324815273 0.730322480
C 0.322579145 -1.709718704 0.192822158
H -0.518011093 1.727862358 0.149004012
H -0.212072372 -0.046299130 -2.106648445
C -0.773793519 -0.287095129 1.991947293
H 1.427633882 0.526931107 -1.776433945
H -0.913945198 0.733487010 2.343034744
H -0.268807232 -0.841114521 2.794352531
C 0.071910061 0.861371338 -0.147342414
H 0.831621289 -2.317111969 0.942596257
