14

C -1.118493319 1.239335060 0.586840510
H 2.512649536 -0.187708050 1.525222182
N 0.112153672 1.691418529 0.450231344
H 2.112651587 1.827749014 0.494657278
H -0.463653266 -1.942427754 -2.112402678
H -2.397711992 -0.808723927 -1.620431185
C 1.672444820 -0.118767656 0.909420311
N 1.265112281 -1.342719197 0.558034360
C -1.565983415 -0.573481381 -0.955819845
H -1.697094917 1.834061980 1.277645588
C 1.284188509 1.144078493 0.572450578
N 0.559901178 -1.745515347 -0.436880440
C -0.441804081 -1.371398330 -1.193383813
N -1.834360361 0.354098856 -0.055584498
