16

C -0.583976507 -2.014112473 2.004711866
N 0.510169089 2.258932829 -1.882412195
H -1.073669195 -1.276615143 2.641712189
H -1.071020007 -1.292851448 -2.047992945
O 0.384011954 0.291774690 1.128867507
C -0.201320857 -0.518797576 0.231293261
H 1.268463373 2.162810802 1.025475502
H 0.533958018 1.836707592 -2.795408010
H 1.222920656 2.951373577 -1.765979886
H 0.457968861 -2.079932690 2.295423031
O -0.722828150 -1.689605951 0.632132053
C 0.407093018 1.332190037 -0.854843259
H -1.050345659 -2.989326477 2.125190735
C 0.764945030 1.429019928 0.443247557
C -0.196869016 0.037870914 -0.993386269
O -0.649500608 -0.439439148 -2.188032150
