18

O -1.453667164 0.108227126 0.673355341
C 0.806578994 -0.264346033 -0.143690571
O -0.188922673 -1.650756240 1.538914680
H -2.105680704 -1.254075527 2.024104834
H 0.191405952 2.513778687 -0.908635974
H 0.286937535 -2.354722500 -0.345400900
N 1.808701873 -0.077458151 -0.905807912
C -1.455033898 -1.203436375 1.140826225
H 0.176719457 1.232654333 1.208042026
H 1.646835208 -2.032937527 0.775011003
O 1.944711566 1.167129755 -1.469724536
C -0.624246001 1.809108138 -0.715061665
H -1.857158899 -1.871267915 0.359634519
H 2.766735077 1.073722601 -1.979987502
C 0.676468253 -1.661507726 0.430898935
C -0.225387394 0.747680366 0.298877805
H -0.913990557 1.362495661 -1.665974259
H -1.481006384 2.355710983 -0.315382600
