21

H 1.867433667 0.544173539 -1.875212550
C 1.066860557 1.256822348 -1.665150046
H 1.537081003 2.191760778 -1.352414250
H -1.856962323 1.194685936 0.296714395
H 0.507025480 1.433810472 -2.581059933
C 0.231863737 -0.655654073 1.529132724
H -1.957511902 -1.252053380 1.992275238
C -0.183600381 -1.882733822 0.720224380
C -1.185659885 -1.128206611 1.268555641
C -1.228112102 -1.301913738 -0.214619592
H 0.219961435 -2.868948221 0.759355009
H -1.949796319 -1.973234296 -0.640235007
O 2.210503578 0.349775165 0.664721012
H 2.349390984 -0.472737342 0.183422178
H 0.684990525 1.425588608 1.358715773
C 0.137208536 0.735454917 -0.583623290
H 0.619831741 -0.816427231 2.521462202
C 0.799052477 0.517521739 0.772714317
H -1.667528629 1.766041160 -1.425122619
N -0.892092526 -0.192991257 -1.092872977
C -1.309939861 1.129265070 -0.636982381
