22

C 0.457196712 0.146068990 -0.130288780
H -2.982923269 -0.489759088 1.361579180
H -1.781791687 1.627066255 0.831765294
H 0.563847840 2.355452776 -0.346633941
H 2.190807819 1.551631331 -0.262046546
H -0.047124159 1.157096267 1.592375755
C 1.225196719 -1.115202665 -0.504092991
C -2.064739227 1.025384903 -0.032781146
C 1.135372162 1.474901319 -0.058633514
C -0.962861359 0.115611829 -0.626233220
H -2.570606232 1.676803827 -0.740932584
N 0.774801552 0.749420643 1.174315333
H 3.016325951 -2.266444445 -0.103014439
C 2.545137644 -1.332915425 0.227623180
H 1.392530322 -1.087901354 -1.577967405
C -2.778725863 -0.302162081 0.316240877
H 0.569409609 -1.963354111 -0.313500136
H 2.397459030 -1.397793889 1.304887533
H -3.701031446 -0.481684744 -0.263878763
H 3.256015539 -0.523108363 0.045943357
O -1.672983170 -1.072340608 -0.171496943
H -0.961314797 0.153228208 -1.723230004
