21

C -0.452635974 0.115637720 0.753336787
H 1.274130225 -1.705873847 2.005772591
O 0.715631306 0.290852576 1.595320940
H 0.532657027 2.131270409 -2.653509378
O 0.514148474 1.167237401 -2.656587362
H -0.207202852 -1.104681253 -1.993162990
H -0.365376145 2.172239304 0.020411009
H -1.896999121 0.972844183 2.091270924
C -1.709051132 0.026238609 1.584450364
C -0.477058977 1.153862238 -0.365926325
H 1.599216104 1.054307699 -0.896274149
H 1.494353294 -1.278115392 -1.623054624
H -0.391098440 -2.085249424 0.215738371
C 0.574668884 -0.803988874 -1.306575298
H -2.569000006 -0.189095974 0.960897088
H 2.291826010 -0.860863030 0.817697167
C 1.274635911 -0.973678172 1.197510600
H -1.611846447 -0.743993163 2.342831612
C 0.181218967 -1.163640976 0.141167969
H -1.420584202 1.097857714 -0.905172825
C 0.648366451 0.726831496 -1.326142073
