14

C 1.735274434 0.083296388 1.942352295
H -1.137995362 0.088822231 1.399773717
N 0.578223288 -0.099082954 -1.324269295
H -1.987488508 0.790228784 -2.207842350
C 1.003734350 0.024962822 0.739539027
H 2.880601883 0.209791929 3.890708685
H -2.778018951 0.000117404 -0.864430547
C 2.344731808 0.146450385 2.983122349
C -1.924857855 -0.053464774 -1.530235887
C -0.665188491 -0.039822448 -0.745609522
H 0.791597605 -0.152046829 -2.301662922
H -2.021405697 -0.968503535 -2.135231972
C -0.419728428 0.038537305 0.607003808
N 1.600520134 -0.069286689 -0.453216821
