19

H 1.096081018 0.355548769 2.470628262
C 0.029962476 -0.921745837 -1.232625365
H -0.921248496 0.917967141 -1.860143065
C -1.550316453 0.588020205 0.158834830
H 0.566900194 -1.097990274 1.644721150
H 1.739991307 0.366619438 -1.795005560
C -0.753400922 0.558502793 1.401834130
C 1.334384561 -0.203212529 -0.957477331
H -0.124093369 -1.709502816 -0.487829924
H -1.005351186 1.320598483 2.130192757
C 0.659028769 -0.022943826 1.552271962
H -2.048151970 -0.409260213 -1.645990252
C -1.159491539 0.055112451 -1.211527586
O -1.808801651 -0.363542110 1.194206715
H 2.237816811 1.160497069 0.500537217
O 2.313597679 -0.839163184 -0.153695107
H 0.073894978 -1.419289231 -2.206407785
C 1.609359741 0.292925239 0.399933934
H -2.290161610 1.370858431 0.097540528
