21

H 1.515355706 -2.041924477 0.411261946
H -1.748106122 -0.237978697 -2.524559736
C 0.661652863 -0.098202288 -0.004608080
H 1.341632605 1.648342848 1.081635594
C -1.324658513 0.397487432 1.542087674
N -0.598605037 -0.535689175 0.707224190
H -1.466215611 1.110198975 -1.343366623
H 0.575656474 -1.138109684 -2.087315321
H 2.689076662 -0.843839288 -0.178863332
H -2.211483240 -0.095587760 1.931647182
C 1.809131980 -0.994300067 0.446443647
C -1.188013554 -0.990907013 -0.540935099
H -1.664317608 1.324460745 1.023225427
H 1.935864329 1.542386770 -0.584764123
H 2.074350595 -0.758661151 1.480720997
C 0.039115388 -0.587007284 -1.328383088
C 1.062879205 1.373474002 0.048844725
C -1.276812792 0.078436203 -1.600295901
H -1.785990596 -1.882455945 -0.567303598
H 0.269327193 2.031160355 -0.294917107
H -0.709839940 0.698715806 2.382220507
