18

C 0.879207790 -0.651239634 -0.115350418
H -0.144024566 3.280797720 0.200670615
C -1.226821780 -2.068307400 -0.491221726
H 0.645245254 -2.838795185 0.282810390
O 0.418388367 0.204827160 -1.079364896
H -1.161210775 -2.415297985 -1.531628251
H 1.949734092 -0.810102522 -0.189082757
C -0.363492399 1.337992549 -0.681293368
H -1.191356659 1.039541483 -0.052485798
O -2.302387476 -1.814260721 -0.002092786
C 0.253918022 -0.856175005 1.244189382
H -0.764869332 1.719099402 -1.614688873
C 0.078613408 -1.924637318 0.185998768
H 1.296475768 2.720669985 -0.652785480
H -0.635524333 -0.305027783 1.504681706
H 0.905954659 -1.080991864 2.073522806
H 0.883476377 2.054214478 0.931778729
C 0.478673577 2.407692432 -0.013657943
