16

C 0.690115690 -0.546874046 0.129919410
H -1.491480589 1.639239907 -1.103943825
H -0.049420524 -0.013010999 2.061424494
C -0.862058222 1.251059294 -0.313407391
N 1.639058828 -1.389678240 0.096459471
H 0.315477014 0.191464573 -1.836175203
C -1.548457265 0.148567528 0.512328148
C -0.380172312 -0.574624836 1.183064938
H 1.282279968 1.272231340 -0.884881258
H 3.103941202 -1.887236357 -0.932590008
H -2.280096531 0.532916963 1.230632424
H -0.605630279 -1.602969527 1.520380497
H -0.617815554 2.091472626 0.341663271
C 0.422903895 0.592536628 -0.841214657
H -2.085478544 -0.537669361 -0.146741599
O 2.466833115 -1.167425513 -1.016918421
