21

H 0.274830312 0.966241300 -2.189429998
C -0.531956136 0.705809116 -1.479976177
H 1.950889707 0.105060667 -0.598601997
H 0.137435377 -2.623569250 2.230633736
H -0.680633664 -2.319649458 0.697381139
C -0.083188280 -1.858284116 1.489789724
C 1.220166802 0.060617346 0.193945959
C 1.183562160 -1.262531519 0.924199879
H -0.709931970 -1.111694813 1.966120005
C -2.621808052 2.293504477 -1.986616373
C -0.000418389 0.912984431 -0.067786776
H 0.240962997 1.968974590 0.049737867
C -1.679084539 1.597798347 -1.763728857
O -0.881482482 -0.651818633 -1.648339748
H 2.884956598 -0.020030593 1.701979995
C 1.810497999 -0.055496421 1.583086252
H -1.372208834 -0.734624743 -2.468575239
H -3.468919277 2.923555374 -2.202749252
H 1.876151323 -1.996293902 0.543377936
H -0.801190138 0.695798755 0.636780083
H 1.251368999 0.403649002 2.388772011
