19

H -2.553947449 -0.671087146 -0.816247404
O 0.620395422 1.153674364 0.851969302
O -0.813893735 1.524128556 -1.385046005
H -1.037897348 -0.028056476 1.103797078
C 0.895105302 1.226778626 2.237156868
H 0.260023832 0.567866683 -2.968912840
H 1.533856988 0.397067368 2.568008184
H -0.018592535 1.237491846 2.827295542
C -1.649296880 -0.792917430 -1.418856502
H -1.298235774 -1.816085458 -1.302512169
C 0.309048116 0.829471886 -1.921166182
H 1.798135757 -3.128266335 0.913408399
C 1.250006199 -2.239185810 0.783094585
C -0.593836129 0.188113704 -0.974336565
H 1.274597526 1.210719109 -1.564293027
H 1.435062647 2.160746098 2.394388199
C 0.623081684 -1.222705126 0.646064520
C -0.130129293 0.023583801 0.486260355
H -1.903484344 -0.621338308 -2.460072279
