18

H -3.703078508 2.048599005 0.815140784
O 1.474546552 -0.970505714 -1.742488980
N -3.239598513 1.299622178 0.300764441
H 0.634275138 -2.811676979 -1.214368939
C 1.064284444 0.959903061 -0.224171489
H 1.605762720 1.725135088 0.331045628
C 1.838783741 -0.343493104 -0.502788663
C -2.086918831 1.104284883 0.754063368
C 0.054851141 0.132211804 0.635612488
C 0.434234619 -1.741745710 -1.104705811
H -0.563399732 -1.517762184 -1.480878234
H -1.620327234 1.626257420 1.601934433
O -1.314936996 0.144854411 0.234641910
H 0.643053651 1.385658026 -1.132496715
H 0.969819307 -1.880569100 1.077201962
C 0.767674983 -1.174834251 0.281936139
H 2.915332317 -0.359718233 -0.323299944
H 0.125641420 0.373779327 1.692857504
