20

H 1.411345840 -2.339546919 -0.305545300
C -0.021801535 -0.718603671 -2.292491198
H -1.809496880 0.972152174 2.060182810
C 1.227501392 -1.331865668 0.053098146
C 0.375141770 -0.435175538 -0.866747797
C -0.568758547 -0.088835754 0.270123959
O -0.333054870 1.249625564 0.703322470
H -1.635324359 -0.235622272 0.099643297
H 0.478924483 -0.804306388 2.117044449
C -1.063249230 1.693315268 1.746300220
H -1.497818470 3.008094311 2.988703251
C 0.833898067 0.487810463 -1.965649605
H -0.476892740 -2.064834833 1.294731855
N -0.847282290 2.829089165 2.231580496
C 0.143032700 -1.166710138 1.142128706
H 0.366032571 1.471324205 -2.004883051
H 1.863225818 0.465699881 -2.248602152
H 0.434288442 -1.553674698 -2.784113407
H 2.177992582 -0.884948015 0.331056982
H -1.057704449 -0.552987278 -2.569884300
