18

H 2.318774462 0.362313688 1.583525300
H -2.069062233 0.591503441 -1.727906346
N 0.629026771 1.804355502 -0.848947287
H 2.345843792 2.582865000 0.138097093
C -1.858106256 -0.766194761 0.093791217
C 1.609238982 0.637527406 0.831712186
C -1.439239621 0.311006635 -0.898496866
C -0.208767116 0.707889438 -0.634269774
H 0.369771481 -1.930183887 -1.071439147
H -2.334867716 -1.609116912 -0.402528256
C -0.564837039 -1.149952650 0.803497791
C 0.508330643 -0.183026850 0.327767462
H 1.331787705 -2.245990992 0.443260163
C 0.566704273 -1.653818965 -0.040734794
H -0.623842657 -1.458019376 1.838727474
H -2.592993498 -0.388112903 0.827758133
C 1.647029519 1.769215584 0.096234880
H 0.365207762 2.617741346 -1.360049129
