18

N -0.155006886 -0.906591177 -0.487261832
H 1.221057177 0.855704308 2.241634369
C -1.333055019 0.494365633 0.926797330
C 0.283165365 1.142187834 -0.674337685
H -2.995231867 0.724930644 -0.483509541
H 0.912053227 -0.868844986 2.258272409
C -1.965876818 0.517925620 -0.245337963
H -1.689521313 0.693816543 1.932954669
H 1.238617301 1.016360164 -1.192931175
H 0.055719960 2.195851088 -0.526863694
H -1.041357994 0.058967479 -2.279250622
C 0.728115380 -1.765610814 -1.054881454
H 2.148638487 -0.213285759 1.185312390
C 0.117398106 0.169766873 0.550347745
C 1.162846923 -0.028389502 1.608573675
C -0.844988108 0.211458296 -1.225916862
O 0.734488726 -2.092341423 -2.221955299
H 1.422936916 -2.206270933 -0.311646610
