21

C 0.703257442 0.398346186 0.103867754
H -0.240085721 -2.328628540 2.239308834
C -1.161422372 -2.153905392 1.664327145
H -0.300858289 -2.602619886 -0.246646717
H 3.008555174 2.596014977 -1.237843752
C 2.382358789 1.688136458 -1.248298049
H 3.029110670 0.823937297 -1.312214613
C -2.133696079 -1.564909101 -0.610910892
C 0.570901036 2.835261345 0.047198758
H 1.750762582 1.710607290 -2.148097992
H -2.728998184 -0.732939124 -0.204354510
H -1.728063583 -1.350924730 2.161019087
C 0.006780054 -0.580830872 0.140424684
H 2.149647713 1.711020112 0.906154275
H -1.769719005 -3.062962532 1.693115711
C -0.847593307 -1.763030052 0.205829352
O 0.690440893 3.769220591 0.783721805
C 1.508922577 1.621504664 0.027535740
H -2.749204159 -2.472520351 -0.599804401
H -1.902447104 -1.319906235 -1.652227044
H -0.238649026 2.779125452 -0.712105036
