21

N -1.209566355 0.424166113 -1.015205026
H 0.653110206 0.395085216 2.705709457
H 1.431283951 -0.118861273 -0.199357197
H -2.055803537 -1.308214903 -2.008299112
H -1.254466295 0.499152422 1.126346350
C -0.989679158 -1.407990932 -0.013036962
H 0.994436145 1.438549042 0.471336216
H 2.934630871 -0.023604503 2.932439804
H -0.209511712 -2.139737368 0.189859718
O 2.634582758 0.292406261 2.077950001
C -1.161226511 -0.971084237 -1.475381374
H 1.147003412 -1.168079972 2.030954361
H 0.435966313 1.288209200 -2.082300425
H -1.191863179 1.530094743 -2.773864985
C -0.636597693 1.461560130 -1.824806690
H -0.286466300 -1.200603604 -2.082993746
C 0.806003749 0.359185964 0.562001288
C -0.677262783 0.061742429 0.314987689
H -0.717794180 2.425644398 -1.315113544
C 1.275276065 -0.077498607 1.932348609
H -1.922055721 -1.760120749 0.446425468
