15

N 0.691237450 -2.620671749 -1.198593616
C -0.977437854 0.795000851 1.180362344
C 0.460135818 -1.473125935 -0.749667585
O 0.701170325 -0.941160083 0.500641406
H -1.672959208 1.482073307 0.717660189
H 0.195802644 1.902637839 -1.270277143
H -1.541509748 -0.036962040 1.609627485
C 0.638813078 0.948666811 -0.959951222
C -0.235134408 -0.257384419 -1.264877558
C -0.064449213 0.258472443 0.135420680
H 1.707832456 0.894703627 -1.038640857
H 0.304261297 0.944334745 2.614188194
H 1.149001598 -3.195824862 -0.503462672
H -1.054440856 -0.244062409 -1.949923754
O -0.302323282 1.543301344 2.177494526
