18

H 1.618160367 1.652534246 -0.126136363
H -1.436840773 0.924433231 -2.271062851
C -1.704012156 0.965691626 -0.064230263
H 2.360088110 -0.678247631 -0.501299202
H -1.831426024 1.693819642 0.718999505
C -1.082732081 1.409506679 -1.368251801
H -0.806847215 2.451132298 -1.480891466
H -2.445522070 0.191186428 -0.094317280
C 0.990328848 0.898840845 0.355466753
C -0.287090480 0.578779280 -0.413427889
H 0.914153218 -1.428837180 2.057023764
H 0.896696568 1.144334793 1.411299825
C 1.440901160 -0.549276948 0.050988570
N 0.151484683 -0.776913524 -0.718831122
C 1.056063890 -1.705683231 0.999818802
C -0.253803581 -1.797663093 0.203475192
H 1.690733671 -2.584659815 0.955106795
O -1.270336270 -2.388977766 0.286268920
