16

H -1.309702754 -2.486535072 0.219655886
H 0.024548195 -1.931400895 -0.805673122
C 2.221834660 2.263391018 0.054086674
H -3.622868776 0.293729633 -2.122932673
H 2.529977322 2.390071392 -0.993609071
C -0.914902389 -0.381483614 0.349972695
H 0.849467337 -2.970179558 1.088620663
C 0.194978565 0.561440945 0.250694394
C -1.979657292 -0.083317168 -0.617505431
H 3.092699289 1.903799534 0.616085291
C -0.427883387 -1.831547856 0.187378317
C 1.110202670 1.332853913 0.156195298
H -1.343870878 -0.311915159 1.361314535
C -2.853235960 0.108905979 -1.419441342
O 0.480579764 -2.097947598 1.230281472
H 1.947834015 3.240134716 0.444876492
