20

C 1.354272962 -0.368140310 -0.375737369
H -2.598788738 1.520115972 1.099301934
C -3.065910101 -0.469541639 0.616951406
H 2.161428690 1.210520744 0.896556497
H 1.434015870 -1.466327310 -0.419370681
C 1.870348334 0.186391234 -1.708279610
N -0.073702104 -0.048955973 -0.271334797
H -4.251397610 -2.369164467 0.916519821
O -0.371819198 0.700183034 1.877869844
H 2.912167549 -0.118991971 -1.865028858
H 1.830221295 -0.289891064 1.751330018
H 1.824558854 1.277867079 -1.706675172
C -2.269727707 0.728308201 0.423357576
H 3.230929852 -0.194861785 0.652143478
H 1.290998578 -0.181099117 -2.546265364
C -0.790484071 0.460603356 0.760316253
H -2.372581005 1.095847011 -0.608994782
H -0.603970170 -0.310421377 -1.080619812
C -3.702094078 -1.478686690 0.778773665
C 2.191533089 0.116245449 0.809185624
