21

C -0.618591428 -0.252156705 -0.633700132
C -0.224173620 -1.259399295 1.452720404
O -0.149555653 -2.270162582 0.428831697
O -1.068261266 2.040214539 -1.365689993
C 0.288511157 -1.506252646 -0.697729647
H -1.239844799 -1.187176108 1.843396544
H -1.983690381 1.922150612 -1.170101285
H 1.884476423 0.048168194 -0.804887593
C 0.218223274 -0.009921737 0.669506729
C 1.424940944 -0.646246552 -0.100394122
H 1.008140564 1.282260776 2.203198433
H 0.561854839 2.121251583 0.699734449
H 0.517410636 0.973066330 -2.036171675
H 2.183187246 -1.164991140 0.471757740
H -1.037672162 0.390593827 -2.634991407
H -0.693120778 1.580906034 1.792255878
H 0.395415872 -2.137866497 -1.564495325
H 0.445223182 -1.506683826 2.286299706
C -0.517928958 0.775550008 -1.746905804
H -1.669780374 -0.501126587 -0.468564659
C 0.275235564 1.307822704 1.375929713
