16

H -0.090474367 1.233435154 -1.734711647
H -1.105957747 1.917587280 1.205663562
H -1.219961405 -0.078670636 -2.124929428
C -0.295693129 -0.266592920 -0.192413419
H -1.119367957 -0.848527014 0.260046631
O 0.409852386 -1.981625319 -1.725883245
N 1.864027739 -1.376196504 -0.086346559
C 0.706580698 -1.299009442 -0.762955248
O 0.360801458 0.482083559 0.804738104
H 0.120505825 1.641450882 2.457723618
H 2.560803652 -2.036056519 -0.391588569
C -0.861574709 0.584256887 -1.321810603
H -1.703141093 1.193509102 -0.990504384
H 2.050630569 -0.752332807 0.681676209
H -1.170130014 0.441044182 2.213348150
C -0.506901979 1.145643711 1.707947135
