18

C -1.380613804 -0.004278041 2.348948956
C -0.560422063 -1.025746822 -0.436440736
H 0.028227545 2.340166569 0.225904807
H -2.243660212 -0.124655791 1.773414731
O -1.415121913 -1.804835320 -0.098550111
H 2.079095125 0.848906159 0.267667085
C -0.055180609 0.114136986 0.341509432
H -0.519978881 1.578501105 -1.324299932
H -0.313094765 -0.717306912 -2.544957399
H -1.410050392 0.090427428 3.409769058
C 0.283007503 -1.103116035 -1.712693930
C 0.045710512 1.453687668 -0.404012471
H 1.844532132 0.129361898 -2.228088856
H 0.493203759 -2.153512001 -1.941038132
N -0.233024418 0.095949784 1.770204902
C 1.221950293 0.545273185 -0.332935542
N 1.504525900 -0.351074278 -1.422714829
H 0.630893886 0.088114388 2.308312893
