15

H -2.173396826 0.890880704 -1.906210899
C 0.124856614 -0.403236300 0.800761998
C 0.962285280 0.803131580 -1.519833803
H 1.330536723 1.272294760 -2.429496765
C -0.794036627 0.050271820 -0.129384100
C -0.347783417 -1.063624382 2.072902203
F -2.129864931 -0.070029475 0.095549203
C 1.810966134 0.315818369 -0.551753640
H -0.952257693 -0.380213708 2.664161682
H -0.962872744 -1.937192559 1.858730197
O -1.290254593 1.111831903 -2.211405039
N 1.414108634 -0.279625773 0.582004368
H 0.525441527 -1.372498155 2.655123472
H 2.885409117 0.402098954 -0.676925719
C -0.403137386 0.660092235 -1.304222822
