13

H -1.434754610 0.863936186 -0.089352705
H -0.768165529 -1.375266910 0.806030333
H -1.190918565 -0.660940409 3.001384258
H 0.648456275 -0.621199548 1.569845676
O -1.202085972 -0.006232063 2.304811954
N 0.895271003 -0.705879450 -2.823056936
H 0.016081590 1.577053189 0.622651637
C 0.389970690 0.305724829 -1.019883990
C -0.376269728 -0.445452839 1.240272164
C -0.397400141 0.668282747 0.188165247
N 1.528484344 0.844181716 -1.362683296
N 0.015167897 -0.662058234 -1.934710622
O 1.876162767 0.217850670 -2.503473043
