22

H 1.676050901 -0.036210470 -1.679648757
C 0.846821785 -1.818813205 -0.824235857
H -1.188297749 -1.993980289 0.072400540
H 1.381772280 -1.876354575 0.127819955
C 0.731481373 -0.356178582 -1.257622242
C -0.321674585 1.906141996 -0.751130342
H 1.407299995 -2.393905401 -1.561911702
H 1.981577516 0.149230540 1.225657105
H 0.371653855 2.365848303 -1.465148687
C 0.290339023 0.650879025 -0.194763169
O -0.810298562 -3.504308462 -1.199730992
N -0.174371213 0.043916628 1.065360546
H -1.309460878 1.709820628 1.837881207
H 0.002780588 -0.295938194 -2.089086294
C -0.501115859 -2.495150566 -0.620999396
C 1.097651601 0.747021258 1.071253300
H -1.272314072 0.238944948 2.819151878
H -0.539810121 2.641802788 0.017066529
H -2.244307041 0.282244325 1.342339516
H -1.250178695 1.695361614 -1.283823967
C -1.296996236 0.618703663 1.789536357
H 1.121396422 1.720923543 1.559634209
