18

H -0.076470144 -3.644881248 -1.134263992
C 0.098182619 -0.479638070 0.260954261
H 0.186401844 1.093010306 -1.266716719
H 2.194284201 0.060030483 -0.211520925
C -0.100120902 -2.963427782 -0.295422435
H -1.043487072 -3.052087545 0.247031361
H -0.992811859 3.144074917 -1.029226899
H -1.580209613 3.721701145 0.479849964
C 1.377523422 0.321879596 0.426678926
O 0.239277199 -1.274134636 -1.953747988
C 0.182237849 0.978330374 -0.185984477
H -0.457828075 -0.636529446 1.168579459
N -1.184744596 2.969552517 -0.061316259
H 0.696287990 -3.212652445 0.421677709
C -0.579994977 1.979407430 0.631539464
H 1.614170194 0.636296213 1.436625481
O -0.652408838 1.897955775 1.852171540
C 0.079710916 -1.538888454 -0.786908627
