21

H 0.691410780 2.250827312 -2.001374245
H 2.255161524 -0.982129633 1.287202477
H -1.853057742 -0.496178567 0.103372961
H -0.307970911 -0.371264130 -3.256441832
C 0.389184713 -0.775857389 0.300277770
O -1.109566569 1.538708806 -2.857349634
H -0.988114953 0.866996944 0.858582079
O 0.922635198 -0.184379041 -0.911206007
H -0.269957423 -0.641240120 3.031234503
C 0.701042712 -1.109958649 2.798693895
H 0.222052649 -1.853574872 0.154470280
C -0.313576728 0.474478900 -1.212459445
C -0.917854607 0.042840671 0.153280944
H 1.362884164 -0.922181547 3.638712168
C -0.981853306 0.133503020 -2.556305647
C -0.310038745 1.916796803 -1.725723624
H -0.804291129 2.663001060 -1.097697735
H 0.543028295 -2.175472498 2.717243910
H -1.950172782 -0.374868691 -2.530131578
C 1.279650569 -0.538040340 1.507036328
H 1.439403892 0.537991583 1.598581910
