16

H -3.350498915 0.997281790 -0.463759035
C -1.927770615 0.201658547 -1.278846145
H 0.988675237 -0.005229422 -1.620739102
O -3.264242649 0.635970652 -1.310932636
H 1.003019214 1.300973415 1.874755621
N -1.310659647 0.550596476 -0.010653939
H -1.896440387 -0.892478824 -1.444979548
C 1.904712915 -0.215416968 0.287623852
C -0.096100077 0.247230917 0.137263626
H 2.257741213 -0.866266668 2.358942032
H 0.919399738 -1.794667006 1.523974061
H 2.900995016 0.065207973 0.001208814
C 0.902379274 0.451046675 1.230665565
H -1.396627426 0.658447087 -2.130505085
N 0.837471604 -0.438304842 -0.715159535
C 1.527945876 -0.896049678 1.561141491
