18

H 2.378121138 0.768813074 -0.855901420
O 0.425710142 1.521294594 -0.542260408
C -0.113029249 0.394342005 1.611918449
H -1.149733663 -0.078279004 -1.903104424
C 1.698944449 1.106176615 -0.081018716
C 0.238385454 -0.985751688 -0.510259867
C 0.508853137 0.298625737 0.226571828
N -0.155290395 1.653374910 2.116752148
H 1.022999883 -1.178643346 -1.258571386
H -0.100399919 2.425895691 1.471130490
H -0.632416844 1.767426372 2.984535933
C -1.114508986 -0.931962729 -1.239587188
H 0.235096976 -1.801230550 0.209026590
C -1.384707451 -2.151138544 -2.001741171
N -1.573619366 -3.125066042 -2.595752478
H 2.152478933 1.721675277 0.692104459
O -0.514947236 -0.598309040 2.188995123
H -1.921936870 -0.807243586 -0.512838304
