21

C 0.211561546 0.655826628 0.497505099
H 0.465717077 -1.232411385 1.090834618
H 0.040661015 -2.898035526 -1.207862258
H 1.323059320 1.558270335 -0.810079038
H -1.481599689 3.177733183 -2.752357960
C -0.559317768 -0.977175534 -1.377942204
O 1.439148784 0.824220538 -0.185192257
H 2.310825586 0.143671110 2.137275696
C -0.903509617 0.270825893 -0.508787155
C 1.320036769 -0.034062810 2.542373419
H -1.793882012 0.055870008 0.080853865
H 0.376910895 -0.759923041 -1.894566178
N -0.348966748 -2.193480253 -0.592009306
H -1.346472263 -1.065032601 -2.137653351
H 1.374521017 -0.867692232 3.257735014
H -1.228424311 -2.547154427 -0.265212089
C -1.308413148 2.346821070 -2.118245125
N 0.330680281 -0.321005166 1.539508820
H 1.022913098 0.850865841 3.114168644
H -0.080653943 1.599158525 0.971617699
C -1.164795280 1.412710071 -1.381966114
