21

H -0.662621677 2.048894167 1.634484291
O 0.524066508 -1.679352641 1.442122340
H -1.777229190 2.416963816 0.332863182
H -0.155483022 0.976626933 -2.428813457
H -2.456601620 -0.305347085 0.454946816
H -1.433570504 -2.239650726 -1.188797593
H 2.329202890 1.473222971 0.083855756
C 2.197883368 0.418350190 -0.146620646
C -0.525062442 0.719103992 -0.054850128
N 0.292975485 -0.961537123 -1.328522682
C -0.737345099 -1.690057874 0.886961102
H 2.448499203 -0.159494221 0.739740551
C -0.763273001 2.071412086 0.550527573
H -0.077241234 2.801907778 0.157120541
H -1.439064741 -2.377080441 1.374651194
H 2.868606091 0.151515305 -0.956367016
C -0.855757892 -1.542514920 -0.592296839
H 0.918438613 -2.277889967 0.769451737
C 0.793147743 0.177419707 -0.525154531
C -1.407421470 -0.478868186 0.286811858
C -0.082148880 0.456375152 -1.492113709
