21

H -0.849511623 0.682392418 2.422955036
H -0.313212335 0.184388474 -2.661772490
H 1.258057117 -0.762900293 -1.069210649
H -2.343010902 -1.676754236 -1.412147880
C 1.429103971 -0.636503220 1.585680246
H 0.890650511 2.488295794 -0.827443719
H 2.412201881 -0.680775344 1.106800795
H -1.429207444 0.655448020 -1.377886534
O 0.084765546 2.404792547 -0.306327283
C -1.284149289 -1.551272273 -1.625008821
H 1.060688376 2.071763515 1.532238603
C 0.386799097 1.612582088 0.804083705
C 0.249543816 -0.582438350 -0.639938772
H -1.667777300 0.838913560 0.798853636
H -1.028632283 -2.188152075 -2.481670856
O -0.450022250 -1.836803913 -0.486902833
H 1.539963722 -0.149208680 2.552801132
C 0.436591208 0.113763593 0.692148268
C -0.734633029 0.787711561 1.357962966
C -0.736168981 -0.115976021 -1.709225655
H 1.087959409 -1.659266949 1.744010329
