16

N -0.601507843 1.595521569 0.133042365
O 0.935386479 -1.113896847 -1.032209635
H -1.703904867 -1.309700727 1.079803348
C 2.063382149 0.292149186 0.638775945
H -2.624572754 -0.112451509 0.117048874
C -0.455375582 0.205105633 -0.037985753
C 0.879755735 -0.585703313 0.287136436
O 2.094078302 1.023238897 1.586896658
H 0.155042470 2.130823135 -0.267202526
H -0.390993804 -0.167663515 -2.376422405
H -0.619730294 1.862715721 1.111048698
H 2.905871391 0.206194043 -0.074803911
C -0.333264261 -0.564971447 -1.363592744
C -1.692553520 -0.685102463 0.176969931
O -1.411370993 -1.415805221 -1.023861766
H 0.799756527 -1.360452890 1.045355797
