16

O -1.189345241 0.655593932 1.308856249
H 0.827510595 -1.222975373 1.127035737
O 1.672810197 -0.353618175 -3.192874908
C -0.441387951 0.308414698 0.231185734
C 1.310601473 -0.914605737 -0.898196876
N 0.030174822 0.719022572 -2.041166544
C 1.087751031 -0.218107611 -2.136482716
H 2.094426394 -1.664046168 -0.911009908
H 0.080384329 0.142554268 2.879616261
H -0.162716240 1.225541949 -2.895274162
C -0.704786301 0.974687934 -0.929454684
H -1.477061152 1.716990948 -1.003417850
H -1.635285497 0.413803548 3.251931667
C -0.945243239 -0.020826025 2.535543442
H -1.135530114 -1.087848544 2.446312189
C 0.587697029 -0.674582422 0.227396727
