20

C -1.358493567 -0.629750431 0.129796043
C 0.570756912 -1.425194144 -1.165621161
C -0.138273105 -0.194251388 -0.571563780
C 0.831042588 0.518400669 0.386987656
H 0.368181884 1.095321655 -2.249945402
H -0.697964251 1.443720460 1.707032561
H 0.854302287 -2.128421545 -0.377317011
C 1.046590924 0.070781529 1.797624588
H -3.237637281 -1.322105527 1.174709320
H 1.717604756 0.861202300 -0.139856607
H -1.023633838 1.662760019 -1.299369931
C -2.354332685 -0.994626403 0.683238983
H 1.472791553 -1.111838698 -1.702915430
H 2.058611631 0.081988618 2.197037935
H 0.908121347 2.310150385 1.709327459
H -1.208886504 0.292668432 -2.413318634
H 0.419580013 -0.733352005 2.183994770
C -0.517680407 0.770431221 -1.700321555
C 0.369693071 1.388763189 1.525351882
H -0.080375195 -1.956648350 -1.874870658
