17

C 0.331408978 -0.913595796 -0.634047508
H 0.742263794 0.916326463 2.152973652
C -1.018985987 -1.143683553 0.014461858
O -0.386983961 1.475422263 -1.022141218
H 1.994579315 -0.997945666 0.921869278
C -0.545254290 1.339046836 0.370655090
C -1.052998424 0.058397979 0.987527490
C 1.465666890 -0.097588405 -1.060008645
C 0.183092847 0.312626958 -1.562913656
H 2.329998732 -0.372452796 -1.600128531
H -1.771929145 0.107430160 1.766651392
H -0.943207502 2.255263090 0.759026170
H -0.167060241 0.162412465 -2.567516565
H -1.813611269 -1.160844684 -0.708425045
C 0.413709372 0.543239236 1.200851202
C 1.264463067 -0.373659492 0.421880513
H -1.025152802 -2.110395193 0.559285045
