17

H 0.865042686 0.572382092 2.664722681
C 0.217286542 -0.121853158 -1.455218911
H 0.952937841 2.048979759 1.612695217
C 0.078895465 -1.185801625 0.554789484
N 0.226685837 -1.358580589 -0.870315492
H -0.782882512 -1.711628318 0.955527961
O 0.388725698 0.947226763 -3.592807055
C -1.030646801 1.023103714 1.573995471
C 0.325421572 -0.047966886 -2.949524403
H -1.630964518 0.415560067 2.220387936
C -0.055203985 0.341404229 0.651202440
N 0.116903216 0.879896104 -0.671994627
C 0.441645980 1.129565239 1.832663774
H 0.332342505 -1.057312727 -3.428911924
H -1.527150154 1.906110287 1.171415806
H 0.116276272 -2.212692022 -1.363137960
H 0.964684367 -1.568392873 1.094509840
