25

C 1.230893254 0.092950441 1.271377802
O 0.687808454 -0.379281282 -1.043921471
C 2.539404869 1.162715077 -0.615836501
H -0.430099458 -1.963312149 0.725574613
H -0.707049608 0.587843597 2.085993767
H -1.025935411 0.323439062 -2.059353113
H -2.913273335 -2.306151867 -0.349931598
C 1.185082912 0.649453044 -0.162467286
H 0.014496597 -0.811817646 2.803199053
H 2.870633364 2.012718439 -0.014022699
C -0.143636674 -0.304238588 1.861385942
H 2.495470047 1.484355927 -1.662972808
H -2.849553108 -1.295612454 -1.807288170
H 1.885245681 -0.784427941 1.258822799
C -2.265397310 -1.693017125 -0.981044054
H 1.695708871 0.815600276 1.946848512
C -1.612373710 -0.579358757 -0.174463093
H -0.575232208 1.982962012 0.366453558
C -0.047065284 1.525653481 -0.447940588
C -0.617208481 0.228625387 -1.046590328
H 3.301316023 0.379703969 -0.528359175
H -1.502082705 -2.353164434 -1.406884670
H 0.155949146 2.277946234 -1.215452552
H -2.379175425 0.116713360 0.171258077
N -0.993927479 -1.170297980 1.025614619
