22

C -1.534031868 0.839828491 1.828479052
H -1.835074782 0.025566719 -1.329699278
H 1.856694221 -1.538501740 1.092495918
C -1.086505771 -0.306398600 -0.597859025
H 0.824078321 -0.942566752 2.384454727
C 1.299201727 -0.876337290 -1.751278639
H 0.969651520 -0.822641730 -2.801026106
H -2.507399321 1.273180008 1.592003942
H -1.682887673 -0.111452818 2.336955070
H 2.336227179 -0.530539572 -1.721434116
H -1.283140898 -1.328356266 -0.300541431
H 0.138575971 -1.959252715 1.119799376
C -0.735893130 0.648875296 0.572489917
H 1.272947311 -1.916712165 -1.453926563
H -0.999133587 1.504628301 2.504243374
C 0.419137210 -0.016838353 -0.894976974
H 1.312323570 1.985765100 -1.074969530
O -0.521500945 1.899864912 -0.109444022
N 0.652835608 0.091513552 0.596271694
C 0.859639227 -1.159450173 1.317771435
H -0.097109862 1.745691419 -2.139184713
C 0.341366798 1.494134068 -1.170623899
