20

C -0.338141114 -0.671672404 0.136564538
C 0.654839456 2.730981350 1.152750134
H 0.242266521 3.668534517 0.794826567
H 0.528143525 2.689409733 2.256698608
C 0.443927020 -1.058047414 -1.109821796
H 0.181426510 0.308569610 2.003693581
H -0.068942741 -3.208461523 -1.089161634
H -0.351989508 -1.569140434 0.771876812
H 0.640695810 -2.612146616 -2.672049522
C 0.474199414 -2.430591106 -1.620619416
H 1.729334593 2.707087994 0.944400370
H 1.475652814 0.298585802 0.814198971
H -1.793146253 0.579643250 -0.873508215
H 0.599770844 -0.244695619 -1.803213954
O -0.013784732 1.689221144 0.506100357
C 0.397374600 0.418193519 0.938664436
H -2.281908512 -1.114232421 -0.708274245
H -2.343334913 -0.014293575 0.673954546
O 1.593639731 -1.881803393 -0.900745690
C -1.770023227 -0.285142750 -0.216334879
