18

C -0.440711200 0.054795943 1.239158154
C -0.586644709 1.029679537 0.042693969
H 1.183665991 -0.781551361 -2.409947634
C -0.421835810 0.193331599 -1.212739825
H 1.766413808 0.402880490 1.539367080
O 0.573473454 1.780445457 0.453521937
N -0.258087784 -1.236296654 -0.865204990
H -1.252606750 -0.198801905 -2.871241331
H 0.736209869 1.451812744 2.528735876
O -1.242850661 0.548715055 -2.267117262
H -1.475602627 1.651054144 -0.041555028
H 0.640713155 -1.838294983 0.956662834
H -1.228080511 0.068643644 1.982532382
H 1.708648443 -0.221188694 -0.758218110
C 0.794049740 0.908047140 1.582026243
C -0.271789581 -1.353099465 0.607939959
C 0.880259931 -0.469603121 -1.404409289
H -1.105224609 -1.990569711 0.897796094
