19

C -1.232010722 0.010587746 0.083059750
C -1.391426325 -1.421760559 -0.455996573
H 2.672261238 1.833624959 -1.189252377
H 1.315528274 -0.311808318 2.415414810
O -0.230800197 -1.267210722 -1.297829270
C 1.143186092 0.657905161 -0.627880156
H -1.168846488 -0.449540257 2.193375826
C 0.874122500 -0.398194790 1.413356304
N 1.812139869 1.457040668 -1.531222224
H -2.118782759 0.634052813 0.008939804
C -0.577972233 0.105157748 1.449913383
H 0.883881330 -1.459496737 1.159978390
H -2.298066616 -1.580713987 -1.052221060
C -0.202300981 0.158006132 -1.051541567
H 1.263394833 2.095702410 -2.089005470
H -0.577543795 0.699014306 -1.939862370
H -0.581373096 1.144750357 1.784007192
N 1.699586153 0.333228648 0.475200981
H -1.284977436 -2.240345716 0.251564533
