17

C 0.638291061 1.654486179 -3.479689598
H -1.035271645 0.713629484 0.821589351
H 0.688700736 -1.223431110 2.474273920
C 0.571865797 0.898043692 -2.341449976
H -1.615687251 -1.310699224 -0.524135947
C 0.041176356 -0.334471703 2.406210423
C -0.445992142 -0.169203833 0.994056106
H 0.726632535 2.924446106 -5.347376347
C -0.783806562 -1.377469540 0.161827445
H -0.788080990 -0.433104724 4.162199020
O -1.084789634 -0.481241673 3.255577326
C 0.680606663 2.326202869 -4.483205318
H 0.638651192 0.538343370 2.679595947
H 1.406982660 -1.031555533 0.118437134
C 0.520522356 0.227285564 -1.336708188
C 0.468716949 -0.574073076 -0.163330972
H -0.628517687 -2.347187281 0.602129936
