19

H 0.852347255 2.485934496 1.057182670
C 0.404866278 -1.524212718 0.939708829
C 1.464698553 -0.453181118 0.743936837
H 0.112196222 -1.496959567 1.982110381
H 2.197522879 1.091887951 -0.543962538
C -1.467885852 -0.792909145 -0.704523087
C -0.812803268 -1.650775552 0.077203169
C -0.024030298 2.163056374 0.553547442
H -0.951140106 2.657242298 0.736928523
H 1.308874011 -0.199498519 -1.390131474
O 2.339020014 -0.295111656 1.540254951
H -0.985610366 0.738173246 -2.120122433
H 0.965499640 -2.468116522 0.863142729
H -1.265613794 -2.637104988 0.146973222
C 0.051611852 1.174788237 -0.340761036
C -1.135235071 0.651353359 -1.046326041
H -2.369978428 -1.143257856 -1.191637278
C 1.332036853 0.428135395 -0.490684539
H -2.016375780 1.270556450 -0.812840223
