20

H -1.771506667 -1.521815181 -0.597504854
C -1.183317542 -0.653745353 -0.362630755
C 1.150523901 -1.507443547 -1.155813456
O -1.483081579 3.107914448 1.783412457
H -0.663218558 3.533500195 0.002775966
H 2.151945829 -1.049069285 -1.195243359
C -1.638461590 0.552350521 0.216018289
H 1.935155034 -3.541423082 -0.873882949
H 0.526097238 3.023138523 1.214172244
N 0.543177962 0.703343511 -0.123835132
H -2.649429321 0.795247018 0.497236341
C 1.230071187 -2.841845512 -0.400440544
H 0.883826733 -1.720170856 -2.207184315
C -0.481562853 2.815804958 0.820720553
H 1.486059308 1.046816587 -0.086437076
H -1.461567760 2.419708490 2.428850174
C -0.559403360 1.401033640 0.343132198
C 0.173639655 -0.543340504 -0.573845804
H 1.554105401 -2.690796137 0.635691166
H 0.256947190 -3.329208851 -0.365191579
