17

N 0.133043826 0.328000396 -0.093287416
H -2.118423462 0.869365871 -2.508210659
N -0.438074261 -0.336208314 -2.707583189
C -1.237536430 0.492069453 -2.009350061
C -0.967021167 0.822347462 -0.716155827
O 2.004176617 -0.967847347 -0.190412566
H -1.589489460 1.478467345 -0.137160942
H 0.178941742 -0.235117927 3.272794962
C -0.048864536 -0.503831387 2.248591423
H 0.461297363 -1.414557219 1.994098306
H 1.485034943 0.764323115 1.394389987
C 0.631501615 -0.816227555 -2.122885466
C 0.408422530 0.627885222 1.308417559
H 1.283523083 -1.474936366 -2.680640459
H -0.071910277 1.556188226 1.562471271
C 1.014662027 -0.537839651 -0.768946528
H -1.129284024 -0.652081072 2.153869152
