20

C -0.318237722 -0.949618697 -0.130101964
H -2.080140829 0.919092536 -1.149694204
C 2.124766588 -0.775391459 0.114168242
H 2.657729626 -0.300603032 -0.735614538
C 0.889699042 -1.476516604 -0.332271814
H -1.891580105 1.307833195 1.373335838
O 1.823565841 0.196274713 1.109159708
H 1.270320415 1.688351274 -0.188308075
H -1.229697585 2.374768972 -0.572476983
C -0.489286035 0.512553215 0.256183952
H -0.459759206 1.311044931 -1.750037074
N -1.520525932 -1.618179083 -0.331999570
H -1.442824364 -2.612680435 -0.488073885
C 0.865767539 1.125931978 0.656954646
O -1.402524710 0.476012141 1.376599193
H 1.001658320 -2.468151331 -0.760740399
H 0.703025758 1.801290154 1.506524324
H 2.830641031 -1.475802660 0.578459084
H -2.225678921 -1.366745114 0.351119637
C -1.106919289 1.330535293 -0.883186400
