19

H 1.355055094 1.800145030 -1.282067299
O 0.504703581 0.002387728 1.181573868
H 0.581798553 2.830788851 -0.081606567
H 1.705344319 1.582059026 1.601230383
H -2.125289440 -0.169572413 1.337330222
H -2.370950937 -1.152514219 -0.121240921
C -1.663478851 -0.897601426 0.676678717
H -0.821846664 0.913000286 -1.668702006
H -1.460046768 -1.803672194 1.252896547
C 0.436627805 -2.656926632 -0.312652767
C 0.752825677 1.783541441 -0.385320038
C 1.445012808 0.978928149 0.728966475
H 2.355738640 0.494773388 0.355132908
N 0.493849695 -3.761408806 0.027117867
C -0.381953716 -0.286323160 0.121284142
O 0.849810600 -0.993708491 -1.870012641
C -0.585041225 1.045571446 -0.608649671
C 0.342030674 -1.283139229 -0.809726059
H -1.414190173 1.573671222 -0.142233580
