15

C -0.234602645 0.565901577 -1.145519137
C 0.864601672 -1.089287996 0.045695473
C -0.431884170 0.449766546 1.093550086
C -1.025433183 1.025884867 2.352696896
N 1.180567980 -1.002190351 -2.391810656
F -0.523413599 1.156682491 -2.293532133
H 0.756369531 -0.602228463 -3.211534262
H -2.116773844 1.011225700 2.303885698
H 1.213261485 -2.000707626 -2.473166943
H -0.725873113 2.069198370 2.468761683
H 1.506660461 -1.960203290 0.130907327
H -0.688433468 0.455456138 3.215358734
N -0.746617615 1.066667557 -0.062470447
C 0.610891223 -0.544649482 -1.211143732
N 0.360679388 -0.601516247 1.178321242
