18

C -0.473097026 0.572494328 -0.481796622
H 1.154209614 1.290523410 0.859713495
H -2.604198933 0.233783394 -1.082032204
C -1.785932064 0.962461352 -1.147067070
H -0.530480981 1.531704545 1.527690530
H -1.048135996 -0.912753880 1.068088651
H 2.258102179 -2.461369514 1.214947939
O 0.875898421 -1.298020840 0.329689831
O -1.152646303 0.956541657 -2.442383051
C 0.112991355 1.006602287 0.847656906
H -2.179097652 1.959859014 -0.886773825
H 0.550915658 -0.299618900 -2.244414091
C 0.142790094 0.637726068 -1.866732955
H 0.857296407 1.436370492 -2.044271946
C 1.450969934 -1.807807684 1.520300984
H 1.838527799 -0.997665226 2.150922537
C -0.197288468 -0.440221190 0.568114221
H 0.729176164 -2.370609283 2.108346462
