16

H 1.393801212 1.826529741 -0.298145473
H 0.426965803 0.147604659 1.816542387
O -2.203270674 0.008846878 1.727453351
C -0.149772003 0.295113206 -1.283652782
C 1.562419772 -0.546372056 -0.261896908
O -0.522339940 -2.040769577 -0.030600227
C -1.561122179 0.800680280 1.024741054
H -1.106905222 0.795257509 -1.287282586
H 0.245411903 0.072191447 -2.272945881
C 0.881441951 0.870873570 -0.248890698
H 2.146992207 -0.799066365 0.621713996
C 0.061415136 -0.817257106 -0.196538478
H 2.062356472 -0.832823157 -1.177278519
H -1.265231490 -1.918408275 0.582733870
C -0.054808132 0.370852768 0.872389674
O -1.917354226 1.766746283 0.411656737
