17

H 0.970619917 1.190303802 1.464080215
C -0.315380126 -1.519160509 0.577433169
C 0.204149306 0.133503333 -1.199643731
H -0.014331627 0.283777267 -2.250706434
C 0.233071238 -1.355329037 -0.836119890
C -1.222890735 -0.297555685 0.791775584
H -0.817097425 -2.489022255 0.677754581
H -2.234731674 -0.529170871 0.449626088
C 0.652449369 1.519833803 0.473354131
H 0.653302848 2.610639334 0.457950950
C -0.628212690 0.826938212 -0.077130675
O 0.654525995 -2.234504938 -1.541517854
H -1.309526682 -0.009080275 1.839420438
H 0.517786980 -1.515821218 1.271612048
O 2.584009171 0.968027353 -1.013549209
C 1.451846123 0.888669372 -0.663036168
H -1.379589796 1.527952075 -0.421303332
