17

C -0.217210278 0.509630024 -0.029430350
H -0.837817729 2.506226778 0.797552049
H 1.401645899 2.038480043 -0.310321659
H 1.605239749 -1.484672546 -0.155774206
C -0.309045762 1.593165159 1.046711564
H -1.263204098 -2.717115164 -0.033720508
C -0.532350481 -1.999326825 -0.378420413
H 1.749791384 0.774596632 0.945347905
H -0.464387655 1.217012048 2.042433500
H 0.920850992 -2.362415791 1.289981842
H -0.640568793 1.980984330 -1.580252767
H -0.515416324 -1.857990026 -1.449693322
C 0.999368787 1.312542439 0.385299832
C 0.720695853 -1.791533828 0.389310330
C -0.818406880 0.907029212 -1.336296320
O -1.421371937 0.206297338 -2.099601030
N -0.377812624 -0.832909882 0.476873368
