17

H -1.317575336 2.257602930 1.174769640
C 0.548019648 0.029566811 -0.743842661
H 0.054138541 0.484750092 -2.867057562
C -1.543069363 0.049480438 0.909873009
H -1.329336882 1.036795139 -1.025664806
C 1.861396432 -1.707298994 0.751228154
O -1.264740705 -1.114387155 1.611444950
C -0.735471368 0.598380268 -0.242280111
C -0.781525910 1.318752289 1.093086362
H 0.115856782 1.260986924 1.694159269
O 1.461521387 0.951691747 -1.375727534
H 2.426452637 -2.401165485 1.331771970
H 1.407062769 -0.758828700 -2.644636154
C 1.254729509 -0.922510624 0.065622456
H -0.329008967 -1.241126657 1.672977328
C 0.791476667 0.032262236 -2.202017307
H -2.619926453 0.125048652 0.796293020
