19

C -0.135810494 1.018332958 -1.182827592
H -0.239277348 0.225846544 -1.929479361
H 0.150096104 1.932643890 -1.679481268
H -1.310530782 -3.385204315 -1.167229295
H 1.723795652 -1.101525545 -0.751790047
H -2.078934908 1.955704451 -0.298007101
C -1.444387078 -1.386578321 -0.121202022
C -0.441224784 0.822548926 0.955070317
H -0.445834666 1.210932255 1.957882404
O 2.963694096 -0.337886721 0.612563074
C -1.315135241 1.199839354 -0.229972914
C -1.366907477 -2.452010632 -0.665156364
H 1.142656922 -1.287004352 0.898678601
C -1.582746267 -0.091806561 0.508235931
H 2.927074432 0.084526516 1.477033973
H 1.453329921 1.520318031 0.185030252
C 1.639602542 -0.592158675 0.204455689
H -2.422815323 -0.028115550 1.180130363
C 0.783355117 0.691598356 0.046065364
