17

C 0.099873558 0.849871039 1.293467402
H -1.109973788 -1.879384279 0.402391016
C 1.054742932 0.568943262 0.183866844
C 1.445745111 0.253287703 1.610629797
H -2.651005507 -0.670309782 -1.484588623
H 1.546691656 1.379970908 -0.342631817
C -0.415687710 -0.110334657 -1.832032800
H 2.177309752 0.897497118 2.070474625
C -1.664950132 -0.369215906 -1.124852657
C 0.434546471 -0.543349266 -0.627192616
O -1.004699349 -0.014021299 1.265027285
H 1.067773461 -1.417464018 -0.806033611
H 1.495051146 -0.781402528 1.928351641
H -0.175210714 -0.148368865 -2.888349771
H -0.147070751 1.846046448 1.632893562
C -0.904615879 -0.840069532 0.129123330
O -1.248519897 0.978303552 -1.410543442
