18

C 0.587436020 -0.643464804 -0.774429917
H 1.143979788 -0.113963626 -2.852597475
C 0.299586624 -0.087736264 0.609796524
H 1.045703888 0.670004547 0.835198104
C 1.295127749 0.108162895 -1.811592579
H -0.373738140 -1.974225640 1.465252519
H -1.409231424 0.793287694 1.690496087
H -1.008168578 1.643635750 -1.293445230
O -2.085069895 0.155721918 -0.208133370
H 0.231322974 -0.827444136 2.661586285
C -1.061653137 0.599710584 0.670887709
O 1.951276660 -0.913036227 -1.053528905
C 0.385134369 -1.206827760 1.649853945
H 1.623217583 1.131796598 -1.601184845
H -0.121193893 -1.402057171 -1.113252997
H 1.364903927 -1.686693907 1.615149617
H -2.279214144 2.270649910 -0.110937946
C -1.589420438 1.482479692 -0.379117697
