22

H -1.851350546 1.697450876 1.123612165
H 0.884156525 -0.590006471 -0.799934566
C 0.571236074 -0.037780441 0.078231029
H -1.122644424 1.052649617 -2.022545815
H 1.286236763 1.292283893 1.581622124
H -2.580160379 0.929233551 -1.098521590
H 2.462770224 -0.921241820 1.941287398
H 2.082533121 1.480214357 0.042100709
C -1.885540485 -0.958060980 -1.825638533
H -0.959125638 -1.514061451 -1.999325871
C -0.536767066 -0.696377695 0.882082880
H -2.414482117 -0.907653213 -2.783471107
C -1.625008941 0.442010254 -1.275691867
H -0.510269761 -0.510344803 1.960028648
C -0.823233306 0.504847288 0.011649870
C 1.688020825 0.724054754 0.742796183
H 3.613878489 0.398768216 1.697808623
O -0.993264735 1.733734012 0.688469887
H 3.273762226 -0.724526465 0.388072163
H -2.500392914 -1.548014998 -1.148986101
C 2.829774380 -0.172584519 1.218581676
H -0.890128493 -1.674594164 0.597773552
