21

H 1.492385387 1.578523517 -0.667668700
H -0.736677766 0.663919806 -2.565880060
C 0.033657428 -2.113413334 0.901919484
H -1.920074821 -2.396717548 -0.081028633
H 0.488057196 1.864055395 -3.011795998
C 0.289711803 0.983433366 -2.384372473
C -1.342912555 -0.375261635 -0.121757470
H -0.208152562 2.675136328 0.450030863
H -0.268040329 0.551951826 2.333743572
H 0.969027042 0.182230994 -2.695425272
C 0.411935449 0.363795340 1.503526688
C 0.475635022 1.299119234 -0.928757429
H 1.257644653 1.047313929 1.621182561
C -1.188584924 -1.654856205 0.183099359
C -0.295067519 0.645510614 0.183317572
H 1.929680943 -1.263984799 1.653432250
C 0.871436477 -1.084642053 1.568559289
N -0.586886168 2.023935318 -0.244363621
H 0.500811875 -3.018479586 0.545325518
H -2.239794254 -0.001873998 -0.593241870
O 0.066207729 -1.969697118 2.350153923
