15

H -0.734229445 -1.385998964 1.597928166
O -2.444261074 0.340528727 2.145453453
H 2.583272696 -0.909263790 -2.315732002
O 0.813031375 -1.592842817 0.206984445
N -1.227607727 1.340276480 0.486101300
H -2.826044798 2.218732595 1.427711010
C -0.214174137 -0.888112724 0.813516974
C -2.229376316 1.280999184 1.417707205
C 0.685173988 0.380915433 -0.814500868
N 2.428278923 -1.327271104 -1.416190147
H 0.889527023 1.192692637 -1.491725087
C 1.329612374 -0.826544702 -0.744219720
H 2.414258718 -2.341674328 -1.467912912
C -0.324894786 0.326242983 0.212849587
H -1.142566442 2.191320658 -0.057971153
