19

H -0.981108487 -1.432112813 -1.643106103
O -0.667445779 1.334134102 2.300230980
H -2.623442650 1.085584879 1.647698641
H 0.489464074 -0.996469855 -3.611748219
H 1.792760015 -0.452896178 -2.541003227
C 1.404290795 -0.894348681 0.582229793
C 0.094752729 -1.354515791 -1.536006808
H -2.270032644 2.482624769 2.704411507
H 1.832925797 0.025601134 2.547368288
N 0.310867667 -0.750239730 -0.211070985
H -1.774418235 2.489209652 0.988610387
C 0.710846305 -0.530755222 -2.657532930
N -0.582012355 0.123706982 0.289960057
C 1.199442387 -0.093985431 1.685559630
H 2.211934805 -1.543754935 0.307875454
C -1.905199766 1.877748013 1.873283029
H 0.296997130 0.482368529 -2.656804800
C -0.049247321 0.507321894 1.444306612
H 0.508625269 -2.359221458 -1.514260650
