17

H -0.192736670 1.784740925 -1.826847434
H 0.701362371 -1.562721610 2.194561243
C -0.424596161 -0.436202437 -2.009638786
O -1.925840259 -1.093338013 1.116151929
H -0.744878590 -0.371574253 -3.041818142
H 0.204136029 -1.278310537 -1.791127920
H -2.393504858 0.343288571 -1.242700577
N 1.909369826 1.257501125 -0.095830575
C 0.767685652 0.720525861 -0.145150483
H -0.036223993 -0.106573053 2.873481989
N 0.129748866 -0.102796450 0.790012419
C -0.161605403 0.860214055 -1.294329405
C -1.393846869 0.056444965 -0.964320183
C -1.178069353 -0.465646893 0.416280448
H 2.484282017 0.912879527 0.672882259
C 0.638418376 -0.477367640 2.094647408
H 1.616298914 -0.041064203 2.253745317
