21

H 0.951070368 1.610946536 1.227398515
O -1.231388569 -1.385389328 -1.403729916
H 0.219896585 1.113255382 -2.404539824
H -0.887627482 0.244326308 2.225940943
H 0.958374560 -0.941157758 2.716426611
H 2.263313770 -0.087736204 1.899121761
H 0.367061377 -2.070097923 0.516517580
C 1.641782999 -0.979397058 1.865427494
C 0.919643223 -1.128165483 0.537943244
H 2.297758102 -1.840432525 2.031260014
C -0.813368380 0.764549553 -2.221458435
C -0.078950986 -0.036577847 0.168660089
H -2.017545462 0.804285467 0.909228981
H -1.362516403 1.627301574 -1.830581188
H -0.167862326 2.197607756 -0.074246392
C -0.738710999 -0.309880584 -1.156555057
H -1.652109265 -0.637918591 -3.161277294
H 1.650223136 -1.200298429 -0.266949236
O -1.413009644 0.269529194 -3.380262136
C -1.002472758 0.578276217 1.196372390
C 0.096438825 1.406973243 0.605301738
