19

H 1.145057321 -2.047338724 1.593905926
H -1.049821377 0.952366889 1.620320678
H -0.608557463 -2.198878050 1.549364090
O -0.132751435 -2.027077675 -1.372136950
C 0.143229499 -0.491642654 0.481015176
O 1.288212776 1.149918795 -0.840496957
C -0.704482198 0.795839608 0.590411782
H 2.261639595 -0.492233992 -1.668266535
H 0.941844583 0.192362264 -2.636288404
C 0.309226543 -0.998590171 -0.918909967
H -2.561189175 0.654802263 -0.503264785
H -1.985974073 2.293414593 -0.242847949
C -1.666489720 1.274865985 -0.457554668
C 1.274391174 -0.033685245 -1.621855259
H 0.154816896 -0.973738074 2.577390671
H -1.215766668 1.281993389 -1.450729966
H 1.408379674 1.267014027 1.245827198
C 0.212431848 -1.481944323 1.610508680
C 0.785801888 0.882551312 0.443607479
