21

C 0.071802512 1.448239326 -0.437588036
H 1.736219645 0.035195604 -0.475868613
H 1.223115206 -2.525002956 2.165243626
C -1.768547893 0.269282073 -0.851189137
H -1.003786683 1.990801334 1.478482127
H -1.515187025 2.890713453 0.058547165
C -1.180206180 1.907065511 0.396437407
O -1.478543043 -1.082551837 -1.114223242
H -0.784843206 1.334657669 -2.626335144
H 0.974253237 -0.047815163 1.940365314
C -0.617714524 0.844030678 -1.671305537
C 0.575116575 -0.695091724 1.162638545
H 0.831681192 2.233162165 -0.553162217
C 1.312556744 -2.037403345 1.193431258
H 0.911505580 -2.722820759 0.444335729
N -2.152349472 0.775758326 0.225565478
H -0.475572288 -0.856212676 1.398029447
C 0.678576648 -0.007340048 -0.188248202
C -0.112412944 -0.588068485 -1.415574789
H 0.390868932 -1.257920504 -2.113114357
H 2.383467436 -1.908678412 0.983533025
