18

H -1.921912551 -1.047949553 -1.374655128
C -2.094876289 0.287254572 1.190847039
H 1.752000332 0.621715963 2.290142536
H 1.831989169 -1.072254181 -1.280442119
N -3.014122725 0.562449217 1.832810402
H -0.555719674 -1.979911089 -0.644851625
C 1.228286862 -0.568309367 -2.048763752
N 0.398436099 -0.037394855 0.853633344
H 1.015524864 -1.266999483 -2.849121094
C 0.682019234 0.707563400 2.080477715
H 0.155825585 0.249698892 2.929934502
C -0.963343441 -0.983443320 -0.845551908
C -0.984718621 -0.061568975 0.386335284
H 0.428022832 1.764388442 2.040978193
H 0.205560684 1.840368032 -0.309220254
C 0.041329682 0.778478265 -0.303273588
H 1.810842395 0.256850541 -2.453637362
N -0.015144749 -0.050936610 -1.495642066
