16

C 0.002629390 1.545759797 0.036930606
C -1.388448238 -1.665481448 1.475965381
H -0.496697098 -2.171527386 1.893477082
H 0.403599560 -1.709310412 -0.471095026
H 0.682268083 1.936492324 -2.027120590
H -2.198617220 -1.790738463 2.197674036
H 1.988209248 1.926709294 -0.855714738
N -1.144277334 -0.259795010 1.269465566
H -1.658713222 -2.192651987 0.561195672
O 1.958455682 -0.549508691 -2.175275803
C 1.034448385 1.461593986 -1.105271935
N 0.415774882 -0.701204956 -0.493729770
C 1.237927914 -0.021940067 -1.373666883
H -0.896058738 2.076098204 -0.231186181
H 0.399173796 2.026640654 0.933244646
C -0.339674830 0.088864528 0.365107954
