15

H 3.374795437 -0.975886226 0.361764193
C -0.831191480 1.112358093 -0.088383533
O -1.603442669 0.683376074 -1.208718181
H -2.968923092 -0.714598596 -0.446087718
N 1.346156836 -1.245627403 0.848995447
N 0.332023859 -0.437961996 0.626147330
C 0.618305683 0.700315893 -0.051988803
C 1.969432235 0.641625643 -0.327772528
H -1.577857852 -0.375747859 1.654153109
H -1.507292628 -1.454021811 -1.153098822
H 2.599126816 1.355488896 -0.840563834
C -1.122496843 -0.231218308 0.679944873
C -1.895160317 -0.602949739 -0.594771087
H -1.101085901 2.120344639 0.244890153
C 2.367609501 -0.575496972 0.295489252
