15

H -0.413808525 -1.053149462 -2.113018036
O 1.010304093 -0.639067590 -0.696768939
H -0.676563740 -1.609967470 0.897289217
H 0.364953220 0.527006567 -2.294965982
N 2.412135601 -0.739505768 2.387570620
C 0.966679752 0.213865191 0.437537223
H -0.776169002 1.133221865 1.408417106
C 1.768544078 -0.343974411 1.523280144
O -1.007702708 -0.852865934 1.391993284
C -0.550644636 0.301973283 0.758878767
C -1.111930490 0.476676524 -0.665890515
H -2.091543198 0.009491332 -0.733656824
H 1.365092635 1.212915421 0.184224293
C -0.042408615 -0.182548761 -1.571056604
H -1.216937900 1.545929193 -0.913833916
