21

H 0.191061169 -1.322427869 2.012904167
H -1.048181772 1.001871467 -1.683956981
O 0.643074751 -0.592312753 1.587872267
H -2.262080431 2.558081865 -0.203368843
H 0.694371045 1.238112211 -1.514127016
H -0.855886221 3.510880232 -0.625754476
H 1.794983029 -2.780280590 -0.685044646
H -1.557383776 -0.777145982 0.444087923
O -1.284281135 -1.225769281 -0.360533774
C -0.204677299 0.861784101 -1.000092387
C 1.353416324 -2.496549845 0.271791428
H 0.441751659 -3.081194878 0.397609621
H -1.276425481 3.317989349 1.058580875
C 1.033422232 -1.003395438 0.284258366
H -0.151642367 1.244699240 1.039749265
C -0.053753197 -0.630374312 -0.745989084
H 2.060008526 -2.749654055 1.053084493
N -0.423752725 1.640848756 0.198000923
H 1.931077480 -0.423240632 0.069177948
H 0.215126276 -1.104946733 -1.695819497
C -1.240228534 2.813025475 0.097568534
