18

C -0.501019776 -1.819342136 -0.346075743
H 0.374847621 -2.009830952 1.605120540
C 1.020046592 2.349541664 0.489075959
H 1.553712249 -1.559435964 0.364029616
H -2.395602465 -0.700848579 -0.841583371
N -0.353531450 -1.113111496 -1.629647136
N 0.283338517 0.003660019 1.049762249
H 0.507951736 2.617640972 1.428714275
C -0.823349774 0.503758669 0.217373312
C 0.550397158 0.996410787 0.015361265
H -1.577043056 1.130229950 0.699881613
H -0.860046208 -1.635517478 -2.347121954
C -1.342400432 -0.623144507 -0.633701324
H 1.032210231 0.635817528 -0.889219046
H 2.088194609 2.340179443 0.694376409
H 0.815577686 3.116227388 -0.248571679
H -0.901868522 -2.819917679 -0.328264028
C 0.528586030 -1.412318349 0.700489163
