16

H 1.106026888 -1.081507921 -0.462263823
H -0.453705490 -2.610972643 0.047816366
N -1.269142509 0.258395791 0.378651321
H 1.499369264 1.961194038 -0.778106213
C -0.018095793 -0.069364943 1.075498104
N -2.151672602 -1.027315974 -1.503127337
C 0.496783137 1.578226209 -0.969445825
C 0.804781914 -1.232295513 0.564298034
C -1.732908607 -0.392843544 -0.642896414
H 1.726514578 -1.277101874 1.157235980
C -0.175979823 1.236596584 0.347787976
H -0.058529727 2.358806133 -1.477430463
H -0.131317526 -0.053822234 2.149941921
O 0.157105848 -2.468333244 0.772995234
H -0.360350847 2.094272614 0.969361544
H 0.561121285 0.726066470 -1.630316854
