22

O 0.541248083 3.203400135 -0.166021287
H 1.287346601 -0.439356506 1.111769557
H -1.314673185 -1.647170782 0.058062453
H 1.859441757 1.787688613 0.571643591
C 1.071693063 1.896723628 -0.179350913
H -2.007643223 0.414966166 -0.683278322
H -1.209442735 0.454877317 -2.873288393
H 0.965332806 -0.847919106 -0.567210257
O -0.553830504 0.412096202 -2.165062189
C -0.070269823 0.916959226 0.113007478
H 1.508737206 1.662976146 -1.152395368
H -0.660737157 -3.625555754 1.428057313
H 0.581153214 -3.304340363 0.220676392
C -0.532463193 -1.530408382 0.819325924
C 0.086922251 -2.904506683 1.105103850
H -1.040931463 -1.166299820 1.716164947
C 0.496734887 -0.501582801 0.358507276
H 1.213246107 3.814004421 -0.501941383
C -1.110609770 0.962136626 -0.993856728
H -0.544883847 1.262819052 1.031470060
H 0.847806752 -2.831902981 1.900457144
H -1.414178014 2.010395050 -1.151841044
