22

C 0.008608215 0.061650194 -0.563964725
C -0.961078048 -1.115299940 -0.546023071
H 1.304101467 -1.231353879 0.348687232
O -2.131795406 -0.728732526 -1.217209101
H 0.108342670 0.364064246 -1.609926224
C 2.967821598 1.433449984 0.751410246
C 1.682132721 0.673109412 1.072618604
H -1.185390592 -1.404376745 0.482195407
H 2.854067564 1.990905046 -0.191089079
H 0.408528358 2.390231133 1.864782572
C 0.471000820 1.565578222 1.172193289
H 1.831864715 0.151686117 2.028971910
H -2.770111561 -2.618562937 -1.772842407
H -3.974402189 -1.324408054 -1.808718562
H 3.221906424 2.138407469 1.530064225
H -1.420364261 1.682243347 0.133484349
H -3.452845812 -2.000384092 -0.257419944
C -0.453557551 1.223830462 0.279806107
N 1.322458506 -0.286817014 -0.005993197
H -0.505556941 -1.980301857 -1.042409062
C -3.124778509 -1.722718477 -1.261698723
H 3.799047709 0.737800002 0.613079965
