17

C -0.316718042 -1.041990519 -1.050703645
O 0.530352950 -1.821024537 1.114876390
C -0.034661822 -0.745250404 0.412770331
H 1.802562833 0.487236857 0.792038739
C 0.790229678 0.857848465 -1.102738976
H 0.041674785 1.363117814 2.278112411
H 1.253529310 1.727172732 -1.539860487
C -0.315173835 0.201896518 -1.780248165
N 0.841138065 -0.472339749 -1.840893149
H -0.740526497 2.101815224 0.885680079
H -0.795414805 -1.934118032 -1.415508389
N -1.129523993 -0.024067638 1.084942460
H -0.138129160 -2.504627228 1.192423820
H -1.410091877 -0.451271325 1.952187300
H -0.909712732 0.538681388 -2.607740641
C -0.280403197 1.177525997 1.262295246
C 0.810868442 0.539394379 0.362366796
