15

H 3.048529625 -0.832991600 0.045409195
C 1.326624870 0.003902998 -0.846017361
H -1.717123389 1.471477866 -2.767955542
C 0.015473762 -0.387594849 0.970160425
H 1.717464328 -1.349875689 2.092930317
C -1.026787758 0.749586821 -1.156411767
N -0.877510488 1.083572507 -2.373643398
H -2.676160574 -0.130523339 2.206393242
N 2.073858023 -0.605969727 0.131030485
C 0.048587110 0.158919856 -0.404751867
H 1.753869176 0.278521419 -1.790072322
H -1.972241521 0.880133748 -0.620209098
C 1.332251310 -0.863033116 1.218533635
O -2.134002686 0.009560339 1.430696726
N -0.912831604 -0.465687394 1.863908172
