21

H 1.037662506 2.982609987 -0.628270149
H 0.993779302 1.274235368 -2.369460106
C 0.831196189 1.930789709 -0.375662088
H -1.880700350 0.529931545 1.314920068
H -1.719667077 0.361513436 -0.417632252
O 0.999979496 1.675274611 1.017948866
C 1.407160282 0.990281999 -1.391822696
C -1.340529442 -2.021573782 1.006305099
H 0.243339047 -0.726514041 1.652566075
H -2.002871037 -2.189975500 0.154268906
C 0.595103562 -1.248970985 -0.372998446
C 1.265523195 -0.501063049 -1.230304480
H -0.807233751 -2.948561668 1.206348777
H -0.882615983 2.590773344 0.782662809
C -0.355363995 -0.880365193 0.742250025
H 0.737683415 -2.319720984 -0.466492504
H 1.839901090 -1.044061422 -1.981969237
H 2.479922771 1.213989496 -1.494168997
C -0.324758917 1.697526455 0.483688563
C -1.146771193 0.427918106 0.504779994
H -1.970739126 -1.794037938 1.863042355
