16

O 1.774641871 0.382486761 3.318837404
H -0.925106525 0.208505332 2.113919735
H -0.694289386 -1.925825953 -1.235599041
C -0.370856941 -0.001071414 -2.305542707
H -1.597078204 0.988302231 -0.757632375
O 1.456329465 0.281792074 -0.093281493
C 0.156328291 0.268020630 0.216810867
C 0.002875675 0.274002701 1.563827515
H -2.216438055 -1.148315072 -1.843550444
C -0.802901745 0.273213655 -0.890344262
H -0.831458569 0.572463155 -3.085697412
H 1.003448129 0.397849798 3.901745319
H 0.681636274 -0.212118566 -2.459355116
C 1.326521158 0.331760973 2.044289112
N 2.224426270 0.328661978 1.081787467
C -1.188077450 -1.019728303 -1.570213795
