13

O -0.392736375 2.385934353 -1.255337119
H -1.427159309 -2.143394947 -1.443185210
O 0.624326050 -1.919933558 1.657694101
N -0.720831811 0.122913614 -1.020561695
H -1.087279558 2.213323593 -1.907215118
N 0.992648005 0.272829175 1.208080530
N -0.881700218 -2.196624756 -0.573424578
C 0.436060369 -0.835298657 0.892750263
C -0.435545027 -1.023583531 -0.303709656
C -0.172991887 1.225458980 -0.626820266
H 1.175518274 2.200431824 0.600016475
N 0.699471414 1.338891983 0.389370650
H 1.190220237 -1.640948534 2.382341623
