19

H 0.064857937 -2.852232695 1.179055810
H -1.755765796 0.837456942 0.729143143
H 1.954733729 -0.791466117 1.223853707
O -0.660847545 2.301244974 -0.256105095
H -0.368371487 1.517516136 1.609983325
N -1.475024343 -1.577750802 -1.017709732
C 1.097608566 0.447581112 -1.020260096
C 0.158044562 0.049727578 0.124035083
H 1.741586089 1.271070123 -0.675476968
C 0.867331922 -0.757664740 1.254065871
O 0.440499455 0.770395935 -2.214336872
H -1.437918544 2.849473000 -0.097967140
C -0.730180085 1.179525375 0.623191714
C -0.558409691 -1.287935615 -0.199712232
H 1.754372239 -0.402983546 -1.252337098
H -0.149323940 1.489181280 -1.996825337
H -1.684906721 -2.575418711 -1.017196417
N 0.198840320 -1.966690183 0.738069534
H 0.542873204 -0.501030207 2.266528606
