19

H 2.118281841 -0.884341240 0.175971672
H -1.271515369 1.533294678 -1.762657881
O -0.537470162 0.312749833 2.811805725
C -1.183526874 -0.681646049 -1.847767830
H -1.841879249 -1.526364088 -1.696983576
C -0.405889392 -0.184189603 -0.663740754
H 2.718271971 0.701164424 -0.315786570
H -0.670279682 -0.659093976 -2.787383080
C 1.832784176 0.155214891 0.036777925
H 1.146936059 1.804278016 1.237878442
H -0.009304746 -1.772855520 0.738686025
O 0.877353966 0.291950077 -0.980266511
H 2.057226419 0.613640726 2.157807827
H -1.594823122 -1.047072887 0.923118472
C 0.008404263 0.085002616 1.764395475
C 1.327877998 0.739030838 1.367228270
C -1.551018000 0.642296433 -1.213215828
C -0.567390621 -0.829327941 0.699426532
H -2.454039335 0.706268668 -0.645294666
