15

C -0.568601072 -0.372349709 1.279760718
O -0.237420455 2.075387239 1.624594331
H 1.756402016 -1.403042912 -0.266183645
H 1.842828512 1.291756034 -0.166924313
H -0.005151228 1.697730780 -2.020489216
C 0.915067613 0.733645022 -0.154855102
C 0.943739057 -0.804410458 0.134497210
C -0.050398618 1.057323575 1.033859134
C -0.001500062 0.834943056 -1.355672598
H -1.672991872 -0.350410819 -2.045038223
C -0.875583351 -0.164588496 -1.336408615
O 0.724575520 -0.956825197 1.567375064
H -1.339512587 -0.534387469 2.013582230
H -0.886055708 -2.067394495 -0.144494757
C -0.545397818 -1.037376404 -0.163602144
