18

C 0.004096311 0.100382261 0.258010715
C -0.755802393 1.536379933 1.500203490
H -0.551668882 -1.711683273 -0.833555877
H -1.717484713 -0.480999351 1.527707577
H 0.209685445 -0.759153247 -3.100393057
H 0.289602190 0.842319369 -2.360569477
O -0.080636770 1.521524072 0.214891240
H -0.179558724 2.066518068 2.250880480
H -1.742833614 2.002290010 1.405570626
H -0.180379182 -0.438161045 2.397663355
H 2.102648735 -1.442804456 1.317683339
C -0.741335332 0.006305440 1.570673108
H 2.004545927 -0.037172422 -0.636372507
H -1.259190321 0.054513551 -2.569095612
C -0.213666260 -0.128482461 -2.327555418
C 1.232607126 -0.630837500 -0.180314869
C -0.062563851 -0.752623200 -0.972285867
O 1.641934514 -1.748315454 0.536858737
