13

O 2.177419901 -0.705409527 -1.140784740
C -0.688867450 -0.332008779 0.510979176
H -0.723741353 -1.158333063 -1.594760656
C -0.218757406 -1.245123267 -0.637913823
H 1.361119151 0.202536553 1.593381763
H -1.925137639 1.319352269 -0.373071402
N -1.116302252 1.016001105 0.152561873
C 0.752438784 0.249535188 0.689061999
O 0.506232858 2.721306562 0.110333964
C 0.130127370 1.606831193 0.267820328
H -0.182374477 -2.299523830 -0.367170751
C 1.171252966 -0.597451508 -0.540314496
H -1.243410349 -0.777712703 1.329876781
