19

H 1.554821372 -0.314007640 1.680929780
H 0.570206642 -2.291283846 -0.070517011
C 1.059000015 0.565690339 1.271551609
H -0.347063988 0.813773632 2.890261173
H 1.242360234 0.107911065 -1.324131608
H 1.820564866 1.156913519 0.745985568
H -0.362211436 -1.424376369 -2.497853279
C 0.550910056 -0.527085245 -0.768894970
H 1.163602114 1.710997701 3.091065645
O -1.524525762 -1.725647926 -0.884899497
H -1.730611563 -1.291632891 -0.064877205
O 0.056001414 0.169218168 0.349176317
O -1.005714297 1.462617159 -2.176470041
C 0.409603000 1.395810366 2.359179020
H -0.066735424 2.274646282 1.944451094
C -0.684406102 -0.853527546 -1.615224361
O 1.233319044 -1.700181723 -0.432106644
C -1.452536225 0.359890908 -2.091375828
H -2.486583710 0.110274583 -2.406249523
