15

H 0.953119814 -2.481403112 0.660839200
O 0.917625606 1.626001358 -0.540770292
H 0.452344269 1.140503645 2.279205561
C 0.026777431 -0.353752792 0.723981619
H -1.349355459 -0.655666173 -2.077494860
C 0.825849116 -0.942189634 -1.218274593
C -0.202376366 1.698335886 0.250450194
H -1.304039717 0.866585135 1.964924216
N -0.929370821 -1.333853722 0.091349803
H 1.537630558 -1.128811598 -1.999630213
C -0.303489983 0.866966546 1.537365913
C 0.274455428 0.368430793 -0.615505934
C 0.558640063 -1.626974463 0.184525102
C -0.645343661 -0.619465828 -1.300889730
H -0.812466443 2.575293541 0.059923444
