22

C -0.287429333 -0.662404716 -1.097705126
C 1.165137529 0.842761278 1.320195913
C -1.439840794 -0.524040282 -0.130151778
H 1.703202009 -1.405511379 -1.342171073
C -1.344059587 0.670673251 0.823860109
O -0.622533679 -1.321884513 -2.316868067
H 0.581198037 0.330861688 -2.882736444
C -0.330532610 0.065490723 -2.374003887
C 1.765608191 0.102471255 0.198600993
H 2.488518476 0.637305021 -0.409282029
H 1.505419731 1.867020488 1.441979766
H 0.946596026 -1.872723818 0.167430148
H -1.226966977 1.585231304 0.247413382
O 2.193245888 -0.116866253 1.536673427
H -2.358371496 -0.469782710 -0.712431848
C -0.211574733 0.543701649 1.860300183
H -0.209409609 -0.462027669 2.274063826
C 1.064149976 -1.047924876 -0.527679980
H -2.293067455 0.757805347 1.352251410
H -0.405078560 1.224261284 2.695040464
H -1.511190414 -1.450718999 0.459066331
H -1.173021674 0.706301630 -2.583845377
