17

C 0.370722979 1.097710013 2.446452618
H -0.995974660 0.704648376 0.145562589
C 0.296144933 -0.533729434 -1.064337015
O -1.225958705 -2.255887747 0.581893086
H -1.364861369 -0.873405933 2.042928457
N -0.024493098 1.520355344 3.441414833
H 1.366860151 1.347275496 0.636577427
H 0.147497028 1.373750567 -2.114283323
C -1.006411672 -1.174698830 1.027093172
C -0.163579047 0.340062261 -2.239491224
H -0.020454446 -1.566631198 -1.242105842
H 1.617431760 -0.199063689 1.407257318
H 0.247284308 -0.029384602 -3.176115274
H -1.252967477 0.318101078 -2.333295107
H 1.397011161 -0.545850277 -1.042855859
C -0.246403277 -0.079048470 0.293278396
C 0.858151376 0.555797279 1.190025330
