17

C 1.905477881 -0.399635792 -0.472704262
N -1.313451171 -1.901681542 0.317010880
H -1.942035198 2.111071110 0.734969139
H 2.786403179 -0.773179471 -0.995258212
H 1.276976943 0.938145161 -2.006687641
O 1.906636357 -0.639598429 0.916958034
C -1.978647709 1.032231212 0.703793287
C 1.382340193 0.948656559 -0.919854939
H -2.824730635 0.717682958 0.081566535
H -2.264592171 -1.509819150 0.452550858
C -0.687494695 0.494534820 0.160275578
H -2.174055576 0.651565492 1.715276003
H 1.150097966 -2.424208879 0.053514965
N 0.120686516 1.354852796 -0.348740429
H 2.126138687 1.710190415 -0.698659360
C -0.446884692 -0.948486149 0.207848489
C 0.977133512 -1.362320900 0.098141015
