15

H 1.875836253 -1.314662814 -0.500664949
C 1.226660371 -0.669010520 -1.105549216
N -0.324380189 1.343856096 -0.662934065
H -0.778472722 1.833397269 3.848910332
H 1.648749352 1.073184609 0.136164993
N -1.268858314 -0.770593405 0.231623858
H -0.796944737 0.955521226 -1.486113548
C -0.691880524 1.431755066 2.872050524
C -0.461475551 0.396930635 0.456763148
H -1.570347309 -2.388028860 -0.986375153
O 0.113936111 -1.456845164 -1.550735593
C 0.814228356 0.528561056 -0.295948148
C -0.947218657 -1.539333701 -0.706776142
C -0.612179041 0.968369365 1.761982560
H 1.772346854 -0.393100113 -2.012398243
