20

C -0.980015516 -1.670868874 0.393076062
H 0.849222720 -1.412178516 1.454775929
N 0.770859301 1.171969652 0.331746757
H -1.183542728 1.875944138 0.547909975
O 0.674115479 -3.358740807 0.747145414
C 1.300943851 2.400061607 -0.270262659
C -0.637966037 1.030098200 0.111257501
H 1.123181105 2.489062548 -1.345462799
C -1.250328779 0.464323461 -1.133090854
H 1.264390707 0.386597514 -0.026394017
C 0.504028976 -1.977632523 0.581458032
H -0.569963634 0.006020639 -1.834803820
C -1.432604909 -0.261605799 0.197246283
H -2.123743296 0.926070213 -1.576798797
H 1.049828410 -1.592533588 -0.280541003
O -1.793424249 -2.550652742 0.385165095
H 1.614501953 -3.502268791 0.931122303
H 2.382740498 2.450757027 -0.088537231
H 0.842743397 3.265791655 0.223274902
H -2.404967546 -0.140215486 0.651713073
