18

C -0.239423022 -1.713014841 -0.562336326
H 0.105194606 -2.037301779 1.628213644
H 2.032871008 0.997729421 0.260245085
H -0.772626162 -2.672682047 -0.508078039
C -0.585679114 0.727293015 -1.120949030
H 0.524877787 -1.780889273 -1.328296423
H 1.461864829 2.507275581 -0.495699078
C 0.309991211 -1.273790479 0.865346014
H -0.731215775 2.161478043 0.664078653
H 1.378281116 -1.075675607 0.848753273
H -1.130713940 1.381304383 -1.807514429
C -0.201874807 1.290160298 0.283714622
C -1.185939431 -0.559840858 -0.758519530
C -0.551511049 0.007013985 1.152614594
H -0.718579233 0.216487184 2.200663567
O 0.867331326 0.744260073 -1.477095842
N -1.780756354 -0.393513829 0.441058487
C 1.217907310 1.473706007 -0.286199182
