18

H 1.322130561 3.663178921 0.797689319
H -1.200486898 -2.650638580 -1.728268862
H -0.179477736 3.454234838 1.710619926
H -0.682543516 -2.544840097 0.863112211
N 0.327412844 -0.988243043 -1.423002839
O 1.574490428 -1.575658202 0.493020743
H -1.670946360 -1.061240673 0.833186448
C 0.592345417 0.538110793 0.566251397
H 1.843676329 -2.016438007 -0.307670981
C 0.794357121 3.009392023 1.501037717
C -0.961883485 -0.410147518 -1.808581471
H -1.096870899 -0.371860772 -2.885815620
H -1.345167875 0.438101441 -1.268631458
C -0.865060806 -1.607648969 0.332090437
C 0.671180546 1.664669275 0.986688912
H 1.359182477 3.036924839 2.440868616
C 0.476574123 -0.837326765 0.080150828
C -0.958912671 -1.740568519 -1.182745099
