16

H -2.152913570 0.457872212 0.254081637
H 2.996438265 -1.701244235 3.677268505
C 1.884225130 -1.013092756 1.856709361
O -1.389284253 -0.773556530 -1.281440258
H -3.043770313 0.286155850 -2.112136841
C 1.168318629 -0.605711877 0.639420629
C -1.446886539 0.457100779 -0.576091051
C 2.470686674 -1.388502836 2.818896294
C -1.974308610 0.346797049 -1.943838000
H -1.404111266 0.760555744 -2.773829222
H -0.318997741 2.208517790 -0.095301636
H 0.512563586 1.074434757 -1.173751354
O 0.510731280 0.633030295 0.859072864
C -0.138156787 1.147591352 -0.304664910
H 0.443879783 -1.376524687 0.345952600
H 1.881584883 -0.513422966 -0.190348521
