23

C -1.121741652 0.231162101 1.601560473
H 2.217659712 0.026805388 0.410911411
C -0.672564387 -3.435732603 -0.578537941
H -0.854624569 0.437705040 -1.513095737
O -0.067622297 -1.139150262 -0.434471160
H 1.705251098 0.909869194 1.871536374
C 0.359500498 1.204079747 0.143914327
C -0.987491965 0.983285069 0.769076645
C 0.898435295 2.513085365 -0.378142297
C -0.447503507 0.197392240 -0.535244703
H 0.918145239 2.629089594 -1.468187928
H -0.788924694 1.514992118 2.028322458
H -0.391132832 -3.617062092 0.453785241
H -1.850150228 1.571560740 0.458968490
N 2.243007898 2.170937777 0.155375734
H -1.986977220 -1.794794202 -0.073725857
H 0.419708967 3.383295774 0.064352341
C 1.728681684 0.926197171 0.790760577
C -1.149360061 -2.005517006 -0.751228631
H -1.464218497 -1.822589636 -1.764982939
H -1.473713160 -4.127745628 -0.847222984
H 0.187812448 -3.616080761 -1.216239691
H 2.577822447 2.859214783 0.812515497
