16

H 2.343903542 0.996762991 -0.264569163
H 0.129596099 2.084872484 -0.248326495
O -0.602115452 1.064543128 -1.836658359
O -2.886771441 -2.134536982 0.216762200
H -1.280895948 0.392055124 -1.709335446
C -1.851012707 -1.696015954 0.586664498
N 0.506508172 -0.037441052 1.387728691
H 1.940266609 1.630496383 -1.875406384
H 1.807927847 -0.094484195 -1.552004576
O 0.052728094 -0.847914696 2.360654354
H 0.715930164 -0.785061598 3.067194223
H -1.203220367 -2.136406183 1.326712012
C 0.210234925 1.105289817 -0.705712914
O -1.373094320 -0.544861317 0.019827504
C 1.679810882 0.896301389 -1.129435658
C -0.189795852 0.106401093 0.355905831
