16

H 1.617210627 -0.296529204 -0.626855314
H 0.231976807 -1.925886512 1.107611537
H 0.612972617 1.021109343 -1.175713420
C -0.403165877 -0.397925764 0.087239049
C -0.766736925 -1.291446567 -1.001336575
H -1.333712101 -2.691367626 -2.683677197
C 0.856730461 0.418169230 -0.308340609
C 1.389117002 1.279617786 0.831786752
C -1.061879992 -2.037809134 -1.899416566
O -0.230629474 -1.096101642 1.296131730
H 1.611267686 0.661779821 1.700194001
O -2.100390673 0.817686856 1.335680723
H -1.827955484 1.115006208 -0.637251079
H 0.661738098 2.035958290 1.148272753
H 2.304541111 1.792562485 0.529877305
C -1.561083794 0.595176339 0.295796752
