21

H -0.022503212 -3.251412392 -0.484496236
H 0.435654432 -1.899413824 -2.413624763
C 0.381802529 0.902799487 0.172782958
H -1.608211160 0.076291293 0.473367631
O 0.157368705 -1.029533744 -2.089641094
H -1.646538138 -1.605103970 -1.276353240
H 0.771735609 -0.406919092 1.896537423
C -0.665185392 -1.235900879 -0.944391370
C 0.657959402 0.653896987 1.657119155
H 1.219719648 0.526041567 -0.408087134
C -0.075140014 -2.265974045 -0.009822328
H -1.358405948 0.759687841 -1.104718685
H 0.940692067 -1.998435140 0.298242807
H 0.147674292 2.617549419 -1.160044789
H 1.581209421 1.163851619 1.971910119
H -0.610920012 2.828381300 0.413830400
H -0.143295676 1.045696855 2.273882151
C -0.883652151 0.152887225 -0.322059512
H 1.131706715 2.945766449 0.255195975
H -0.675127864 -2.383754253 0.895081878
C 0.263456553 2.403598070 -0.094710968
