17

H 0.282552272 -2.057271242 -0.253467798
C -0.321926296 -1.151469469 -0.116276771
H -1.232350349 1.311508298 0.885865152
H 0.908196390 -0.751956880 1.653992653
H -1.582722187 -1.340650558 -2.411448479
H -1.395209789 0.118674874 2.174233675
H -1.327328324 -1.456162333 0.167638749
C -0.672208786 0.711869776 1.599771976
N 0.556526423 0.690398872 -1.249023080
C 1.292861342 0.627748728 0.003597119
C -0.326027244 -0.350370765 -1.425858378
H 2.265633821 0.126737997 -0.106973507
N -0.971000910 -0.528333485 -2.501391172
C 0.345470726 -0.195885673 0.901179671
H 0.861320913 1.227820039 -2.039994240
H -0.170911521 1.388101697 2.309838295
H 1.487123728 1.629240513 0.408315271
