17

H -0.378676951 0.358898729 2.736263514
H 1.067692518 -2.180116177 -1.721461654
H -1.350822687 -0.783357322 -2.078167677
N -0.741085172 -0.914994478 0.044119932
C 1.819194674 -0.699482322 0.077173062
O 0.807620883 -1.272561193 -1.903328180
C 0.590655267 -0.591522396 -0.708355486
N 2.836523533 -0.870206237 0.590220034
H 0.150508001 1.888553262 2.065531969
C 0.140409857 0.816008270 1.892232776
C -0.180050701 0.724386692 -0.842526734
H -1.662048697 0.890414059 0.788673103
C -0.644402504 0.531250834 0.618102789
H 1.158841014 0.465031981 1.907902718
C -1.377501607 -0.197364628 -1.166329980
H 0.137034655 1.641633153 -1.351604939
H -2.373891830 0.193427905 -0.948445618
