21

N 0.238108590 0.829608738 -1.350258350
C -0.903400421 -1.419172287 -1.468222141
O 2.872847080 1.410341978 -0.918715298
H -0.403106421 1.443693280 2.311447382
H -1.182581186 -1.363443613 -2.513663769
H -1.940930486 0.730141521 1.778540969
H 0.622759700 -1.861616492 0.817540407
C -0.855967641 -0.029635914 -0.857777834
H -1.832205296 0.459381223 -0.953088939
H 0.065473296 -1.922238588 -1.401424885
H -1.632674217 -2.035761118 -0.951758862
H 3.760666132 1.516022086 -0.554060340
H -1.217557549 2.051395416 0.857501388
H 0.663669884 0.764011860 -2.250301838
C 0.945748448 0.747183561 -0.172087029
C -0.991157472 1.152924776 1.433512330
H 0.681061447 -0.870338082 2.261616707
N 2.123373270 0.985898733 0.192172185
C -0.234468028 0.125299156 0.591056466
H -0.853010654 -1.589194536 1.750961423
C 0.073351860 -1.124500990 1.397009492
