19

O -1.629459977 0.550209284 -0.959854424
H -2.253207445 0.242736146 -0.289390564
C 1.735774517 0.039352167 0.524856031
H 0.237829223 2.031160355 1.431377888
H 1.429386139 -1.823541880 -1.458841443
H -1.307705522 2.561800241 0.754276931
C -0.697762966 1.684741139 0.981692851
H -0.089841247 -1.137083769 -2.075978041
C 0.487076342 -0.354986429 -0.143855602
N 2.717842817 0.368455738 1.049772501
H -1.213298082 1.073133826 1.729077816
H -0.430670142 -1.101687908 1.719423771
H -1.130867600 -1.749839187 0.214459702
C 0.832261264 -0.910510659 -1.537533164
H 1.395323038 -0.178760573 -2.118914604
H 0.444322914 -2.323621035 0.785259068
C -0.419327766 0.908459723 -0.311112523
H 0.092719123 1.568136215 -1.001270652
C -0.200394675 -1.448152781 0.706554532
