19

C 0.716765106 -1.922543287 0.159061745
H -1.835762501 1.070397139 2.092475176
H 1.465288520 -1.835685849 0.944446683
C 0.571747065 -0.730899870 -0.818715334
C 0.025442423 0.098226599 0.356225848
O 0.727778137 0.812268853 1.331274629
H 0.914127231 0.458093882 -2.566905737
C -1.547340274 1.874608278 1.427699924
H -1.509834290 -1.621408582 0.993886948
H 0.659154892 -2.903039932 -0.297532767
C 1.413088202 -0.325718373 -1.993229270
H -1.318693161 2.759294748 2.025069952
H 0.017732583 2.236091375 -0.094529279
C -0.345759213 1.479796886 0.602434158
H 1.576147437 -1.176937222 -2.655050039
H 2.359542370 0.042119525 -1.649458289
C -0.662641525 -1.273493171 0.414863080
H -2.392870665 2.121074677 0.776218116
O -0.833912790 -1.162245035 -1.048235059
