19

C 1.492364526 1.841411710 -2.555942059
H -1.414981604 0.289223313 0.058490328
N -1.188325405 -1.247702360 3.576050997
O 2.553050995 2.373361349 -2.726576090
H 0.168354020 1.759654284 -0.901124537
H -2.073173761 -1.716688633 3.636377335
H 1.839228868 1.338148117 -0.509725690
C 1.057062745 1.208319426 -1.249120712
C -1.086703897 -0.761098325 0.053413749
H -1.667220235 -1.302595615 -0.699080825
C 0.694444418 -0.261566669 -1.420702457
O 0.279332966 -0.856086314 -0.209217474
H 0.747328758 1.764501691 -3.368268728
H -0.889438212 -0.688943505 4.353904247
C -0.745196879 -0.907674193 2.348500013
F -1.372039795 -1.368564367 1.312755823
H 0.113645270 -0.268980145 2.237099648
H 1.568729639 -0.817187846 -1.752627015
H -0.076462589 -0.377531886 -2.184206724
