23

C -0.077748068 0.490635455 0.885898054
C -2.693767071 0.803604662 3.398016214
C -0.214287966 0.043062843 -0.543991804
H -0.908844471 1.932238460 2.908087254
C -1.289219856 0.905048132 2.880271435
H 0.639424622 0.161879003 -3.179700851
H 2.731975555 -2.059654713 -2.748012304
H -0.960240245 -0.747278690 -0.605997086
H 2.245431662 -1.380903363 -4.305072784
H 1.499104619 -1.260974526 -0.614103734
H 3.106730223 -0.383818805 -3.139627218
H -0.631018639 0.895758092 -1.105279684
C 1.028892159 -0.711166143 -2.638180971
H -2.730455399 1.129469395 4.443895340
O 0.936596811 0.847158670 1.415323019
C 2.352526903 -1.154218078 -3.249154568
H 1.858580351 0.414592505 -0.990409791
H -0.594500065 0.286283135 3.452858686
C 1.132301450 -0.384210885 -1.150300026
H 0.283365667 -1.502178192 -2.783446074
H -3.053697824 -0.227674037 3.353179693
O -1.285514593 0.474299759 1.498389721
H -3.375635147 1.428047299 2.817358017
