16

N 0.454944253 0.405509144 -1.375480175
H 0.101975463 0.489652604 -2.318082571
H 2.047599077 0.360080332 1.286746979
C 1.005699635 0.033668876 1.283029318
O -0.035417415 2.182872295 1.586544991
H 0.783789277 -0.257222593 2.313818455
H -1.022579789 1.951184392 -0.791102409
C 0.880127788 -1.198833823 0.383363843
C 0.130046219 1.224047899 0.891246378
C -0.548980713 1.033075571 -0.462791234
C -1.338602781 -0.296256185 -0.400353134
H -1.783291578 -0.621930063 0.531310499
H 0.022917761 -1.772074342 -1.530035734
H -2.085911751 -0.351791501 -1.196088552
C 0.019365281 -0.931903362 -0.836547732
O 1.368319273 -2.250078917 0.634421170
