17

O -1.432719588 2.359038115 -1.451504588
C 0.127925828 -0.225061998 1.163105369
H -1.730695486 -0.770015717 -0.112190753
C -0.601479530 1.945488214 -0.676147938
C -0.664636254 -0.632617116 -0.109175377
H 0.425364733 -1.035850525 1.824523687
H 2.077871799 0.712407053 0.281389713
O -0.325414211 0.888491809 1.867655516
H 0.222854614 0.427329272 -1.901650071
C 1.185819149 0.142139956 0.083829820
H -0.245334581 2.568367958 0.150688305
C 0.020456648 0.590958118 -0.846270382
H 0.078069553 -2.031071424 -1.644906998
H -1.081268072 0.624976873 2.409603596
C 0.238371015 -1.764016032 -0.605552316
H 0.168827981 -2.664399624 0.012609757
O 1.535986185 -1.136164784 -0.446007788
