17

H 1.418722749 1.736133814 0.912250519
H 2.007252693 -2.124784708 0.065971054
C -0.210707262 -1.828422546 -1.308563709
H -1.574147582 1.102172613 1.116292477
O -1.050497890 0.363795698 -1.430108905
C 0.817875147 -0.817315042 -0.701464891
O -0.097114302 -2.952198505 -1.693311930
C -1.373039365 -0.950304329 -0.898865581
H -0.301923841 0.177742779 1.863097072
O 1.533561468 -1.348520756 0.378450960
H 1.445274472 -0.294638902 -1.413634419
H 0.250853807 2.618071318 1.902427316
C -0.538635731 0.810684443 1.011538863
H 0.139937788 2.659961700 0.140577167
H -2.417995691 -1.154048681 -0.703565300
C 0.377013832 2.032502651 0.984452546
C -0.426430732 -0.030832013 -0.225542903
