13

C 1.192419410 -0.528562248 0.527773321
H -0.277000070 -2.082694054 0.618724883
C -0.161730781 -1.038401961 0.914738357
H 2.117129564 -0.925741851 0.943140745
H 1.964128971 0.976619363 -0.816724181
C -1.139766097 -0.108095080 0.165141508
H -1.690379381 0.536493599 0.854959607
N -0.715629160 1.560359240 -1.605700135
C -0.257613152 0.758708239 -0.735205233
C 1.125725508 0.457699388 -0.368013352
H -1.884543300 -0.636734247 -0.422434062
H 0.042968288 2.043853045 -2.081221581
H -0.315709829 -1.013503313 2.004820347
