15

H 2.016716242 -0.242151484 2.127936125
C -0.572858989 0.102827422 -0.632469893
N 1.189472198 -0.782666028 2.287295103
N -0.608221948 0.495292038 -1.819517255
H 0.414646506 1.200887680 -3.493732691
H -2.570675135 -0.248105600 -0.146160305
N -1.628270268 -0.228583589 0.167905211
H 0.899995446 -0.750417650 3.256887913
O 0.581077158 -0.074016973 0.157714471
H 1.313960314 0.011132762 -2.540397882
C 0.625194252 0.864426017 -2.476756334
H -1.833014131 -0.898769081 2.221183777
C -1.157301903 -0.608254194 1.446305156
H 1.159025788 1.665660739 -1.956930041
C 0.170254886 -0.507262111 1.400736213
