20

C -0.207772002 1.638161421 0.129408896
C 0.070196159 0.120567843 0.249587134
C 0.783576369 0.107256047 -1.099657297
H -1.972628355 0.389316946 1.944341302
H -2.846371174 -0.315197974 0.571373701
O 0.939652979 2.446988821 -1.957346082
H 2.201184750 -1.553951502 -0.922109604
H -2.431105375 -1.317050695 1.956686139
C 1.885767341 -0.745825291 -1.581356525
N -0.840492189 -0.908478498 0.659052372
C 0.594293356 1.603911281 -1.188332796
C 0.359975040 -0.706067204 1.444182277
H 1.093145490 -1.495731592 1.416103363
H 0.256754249 -0.233161405 2.418713093
H -1.255964994 1.897697926 0.000119752
H 0.001824333 -1.577107310 -1.851204634
H 2.660049200 -0.318862140 -2.194031477
N 0.566687047 -0.804554343 -2.212237120
C -2.083512545 -0.504127622 1.318337917
H 0.224740461 2.276215553 0.898370147
