22

H -3.606513500 1.235969424 2.488281727
C 2.031986952 0.689154208 -0.080736116
H 1.990920544 1.611584783 -0.662179172
C 1.303828597 -0.826314151 -1.972832441
H -0.304027259 1.053838491 1.486222863
H 1.848703265 0.947306156 0.960654736
N 2.281990767 -0.448220462 -2.665635586
H 0.730576992 -1.290158510 1.385087609
H 0.582850873 -1.578899145 -2.302947521
H 0.330534488 -2.387848139 -0.016124398
C 1.038505316 -0.329811335 -0.595494986
H -1.151958585 1.735798359 0.107670121
C -0.995143712 0.806077003 0.679526091
C -2.324720860 0.411753893 1.293358326
H -1.108228683 -0.588957369 -0.977644086
C -0.434678286 -0.273933440 -0.205717802
C 0.442190588 -1.358130217 0.343895555
H 3.045193195 0.315702975 -0.176249728
H -2.201618195 -0.515346050 1.882083416
H 2.306118727 -0.877048433 -3.592958450
H -3.049789429 0.193043008 0.505801857
O -2.756720543 1.474438906 2.115938425
