18

H 0.521545053 -0.598462760 -2.682077646
H 1.682873607 0.700596511 1.166197181
H -1.248553395 -1.866740346 -0.227098629
C 0.739415348 0.313826919 0.805556238
H -0.033739232 0.936033010 -2.010039091
H -0.271005780 2.128942251 -0.002277624
H 1.358076572 -1.337039232 -0.471920073
C -0.708100021 -0.985822499 0.115861826
H -0.552225709 -0.721984088 2.371644497
C -0.439746588 1.309841752 0.694729805
C 0.704039633 0.143101007 -1.890116334
H 0.711579978 -1.753162146 1.626723528
H -0.741265774 1.719805121 1.646391749
C -1.488576889 0.312655032 0.145746693
H 1.691026568 0.571947157 -2.073147535
C 0.646766722 -0.502939820 -0.521646440
O -2.613567591 0.535102844 -0.169589221
C 0.041457247 -0.905700624 1.475061178
