21

H -2.057626963 -0.676141620 -0.336124778
H 2.738656998 -1.514593601 -0.865788817
H -2.279031515 -0.001185643 2.411580801
C -0.041123994 1.298803926 0.784368038
H 1.379704356 -0.288083762 -2.867289305
H 0.828283489 1.928547621 0.711608529
H 0.506873190 -1.950929403 0.836156070
H -1.299090147 2.486800671 2.058946609
C 0.956750989 -1.068648815 0.397233099
N -1.506289721 -0.494524211 0.494819641
H 1.235303164 -2.252553701 -1.412125707
H -0.445761740 0.997130632 -1.702952862
H -3.094584942 0.818231225 1.080231905
H 1.656321049 -0.640606105 1.106214404
C -0.168534994 -0.022080487 0.071987346
C -2.126321316 0.456452072 1.418015242
N -0.101295583 0.103463270 -1.397633195
C -1.116268516 1.583180666 1.496201158
C 1.661221623 -1.359132886 -0.951412201
C 1.301460028 -0.121641591 -1.793191671
H 1.971354604 0.717511535 -1.540844321
