14

H -1.626164198 -0.658859074 -0.698104739
O -1.676048994 -0.544004261 0.260813653
O 0.501919448 -0.540163219 -1.482269645
C 0.724084258 -0.463689625 -0.093425602
C -0.657952726 2.745693684 -0.118338145
C -0.501231015 0.174413174 0.611323178
H -0.726109207 3.761394501 -0.398274541
H -0.399026692 0.070120767 1.692667246
C -0.603447795 1.590296507 0.249462143
C 0.927111268 -1.869506836 0.431197643
H 0.672177970 -2.667118788 -0.306935877
H 1.613152027 0.132232770 0.138540253
H 0.431049764 0.369089842 -1.820795417
O 1.320486069 -2.099899292 1.534139991
