16

O -0.231024086 -1.568169713 -0.398539603
H 1.078818083 -1.440215230 1.949197412
H -2.264248610 0.606280208 0.418984979
C 0.628434122 -0.950594604 -1.375675797
C 0.195612371 -0.802991092 1.909449220
H 1.779808760 0.694296896 -0.325210124
C -0.115717061 -0.432530522 0.486672014
C 0.786946058 0.324639142 -0.520624638
H 1.549420476 -1.517257214 -1.507703662
N -0.400999784 2.397740126 -1.386963367
H -1.310459614 2.847364426 -1.256505370
H 0.134911597 -0.818743110 -2.341555357
C -1.209326148 0.581002057 0.183758825
C -0.350416780 1.317229748 -0.697892785
H -0.640597105 -1.341696620 2.359119415
H 0.368837506 0.103645518 2.503489494
