20

H 2.437951565 -0.672849774 -0.364416957
C 0.351745903 -0.468552828 0.404199004
H -1.257881761 1.741135240 -0.105786733
H -0.748380601 1.742986202 -2.882100821
H 1.598569512 1.317614913 0.917067349
C 1.822470188 -0.842427492 0.514867544
H 2.069286823 -1.739196777 1.072737455
N -0.262187630 -0.724828124 -1.881986976
C -0.665570498 -1.342239141 1.148245215
H -0.202714592 -1.805199027 2.014189720
H 0.279507935 2.161599874 -0.831857443
C -0.166209653 0.064886257 -0.881727695
O -1.764014363 -0.592971146 1.644278049
H -0.750953138 -0.303558677 -2.673578739
C -0.608613849 1.522792816 -0.947750151
H -1.004722834 -2.134600401 0.484576762
H 1.189621568 0.258546948 2.338589907
H -2.302206516 -0.365082592 0.885634303
O -1.327905536 1.843742967 -2.116543770
C 1.312207341 0.338200420 1.261363626
