16

O -1.732326984 1.523688436 0.979109108
C 0.652340233 1.068196058 -0.003543118
H 0.955218792 2.090409517 -0.201245949
C 0.551891327 0.534393907 1.431962490
C -0.286384910 -0.675151169 1.024227500
H -1.189310551 -0.337301165 -1.604762197
H -0.864394069 -1.228481889 1.735140443
H 1.022756338 0.817438066 2.332875490
C 0.327334434 -1.270238280 -0.220899269
C -0.625476003 0.787958682 0.742449760
C -0.221199915 -0.817731798 -1.547780991
H 0.010137980 -1.434985161 -2.425433397
H 1.923761845 -0.150496244 -1.373749375
H 0.838507712 -2.225844622 -0.142515779
C 0.934452116 -0.091156654 -0.936226964
H -2.297308445 1.409302473 0.210392430
