19

H 0.503304541 2.656121016 0.342976093
C -0.484881699 -1.164100170 -1.841981769
C 1.344822168 0.105925329 0.771177053
C -0.080208503 -0.191760585 -0.856165051
C -0.835243285 0.863933444 -0.047759254
H -0.993368089 -0.869482517 2.555943966
H -1.903726339 0.979339361 -0.003819944
O 0.144304171 -1.447890639 -2.834659815
H -0.345241606 -2.198093891 1.574186087
C 0.214645356 1.914737940 -0.406251609
H -1.460812449 -1.651818633 -1.611008883
H -1.880862713 -1.448454142 1.143384933
C -0.873902082 -1.242399931 1.527394056
H 1.972321749 -0.783070445 0.741217792
C -0.138343275 -0.262180686 0.682424843
H -0.053097684 2.424211025 -1.344577312
C 1.183562636 0.732634068 -0.644677401
H 2.021519184 0.808077633 -1.333962798
H 1.665207744 0.774271846 1.586158872
