19

H 1.449224591 0.615439296 0.809017360
C 0.748997986 1.850179791 -0.791321576
O 0.944629908 -0.502014637 -0.841436565
C 0.082185306 -1.955688715 0.965811074
H -0.797730029 1.097510219 1.477881789
H -2.079902172 1.352410316 -0.585124910
H -2.734234095 -0.027636368 0.293357164
O -0.059843346 -3.024096012 1.472074747
C -1.857557058 0.341813564 -0.233942688
H -1.675095797 -0.295993328 -1.105148077
C -0.678198993 0.337057561 0.692875385
H 1.075789571 -2.524555445 -0.834580958
H 1.754308105 1.966898084 -1.204585671
C 0.688773274 0.581808865 0.017571457
H 2.093717337 -1.743520498 0.383031309
O -0.643377721 -0.905341446 1.410105824
C 1.119341254 -1.705111742 -0.123900615
H 0.524639308 2.716855764 -0.172761306
H 0.044333179 1.823985100 -1.628923774
