15

H 0.483417898 0.044681545 2.567595720
C -0.584448934 0.244981200 2.570894957
H -0.406478792 0.807193637 -2.168326616
C -0.986226857 -0.286881894 0.298909634
H -1.020422816 -0.075401612 3.518786669
C 0.331404984 0.122324966 -0.249843627
O 1.306204557 0.417786777 0.386483133
H -0.729620814 1.318253160 2.477627754
N 0.121435538 -2.218954563 -2.786357880
H 2.181604862 0.790274620 -1.374452829
C 0.259963363 -1.162340999 -2.348139048
N -1.275239587 -0.452707082 1.513952255
O 1.642854095 0.767206669 -2.182174683
C 0.429137021 0.206827998 -1.788557172
H -1.753584623 -0.523244560 -0.436398655
