22

C 1.249425054 1.422050238 0.306141913
O -1.033007741 2.310319901 -0.239262089
H 0.847964644 -0.827760577 2.017372847
H -0.783828855 -1.102522612 -1.970789671
H -0.344973058 2.028079987 1.715302467
C 1.240968227 0.146835417 -0.546136856
H 1.066497803 0.406889975 -1.594303012
H -0.402397305 -2.020019293 1.654603481
C 0.049661860 -0.687407851 -0.002694479
H 1.224209547 -2.232528448 0.993347287
C -0.523853064 -1.638793588 -1.053694010
H 1.636808991 2.288521767 -0.228675976
H -2.830145836 1.190556645 -0.144855991
H 0.213986546 -2.405112267 -1.316626906
H 2.190677881 -0.392873466 -0.511322737
N -0.934868574 0.331018895 0.452496827
C -1.785751820 1.095308185 -0.472447991
C 0.452941209 -1.483641863 1.238545418
H -1.418352723 -2.136754036 -0.697089434
C -0.222695276 1.609393597 0.711868107
H -1.744195700 0.800334752 -1.523545265
H 1.850928426 1.298105121 1.211765885
