17

O -1.788160801 -1.252539873 -0.265230417
H -2.531479120 -0.389114529 1.693524957
H -0.743385375 1.601564407 0.975693464
C 0.119355857 -0.457375199 1.516209483
C -0.966810524 0.565592706 1.194556355
C 0.509675920 -0.247167990 -0.525809348
H 2.306740284 -0.587464929 0.733429134
H 0.167944983 -0.822184920 2.531879663
C -0.756600738 -0.480286509 0.155855358
C 0.839684665 0.412796080 -1.802056670
H 2.307640314 1.438421249 -1.136784792
H 0.686863124 -0.293163896 -2.626689672
H -1.587470889 -1.604948997 -1.140587568
H 0.133156732 1.235650778 -1.971925855
O -2.131160975 0.437362134 1.940365672
O 2.165072441 0.843331099 -1.895423532
C 1.268934488 -0.400471687 0.622994661
