15

C -1.319465280 -2.605054379 -0.901381195
H 0.818807065 -2.243368864 -1.123285294
O -0.163560420 -0.607901216 -0.308384389
C -0.131160200 -1.727984548 -1.232450843
H 0.518224239 5.240405083 3.347208738
H -0.173688531 -1.323025346 -2.243618727
C 0.575853229 4.390554905 2.726622343
C 0.726122022 1.343294740 0.502495348
H -1.248380423 -3.010172844 0.110635422
O 1.814586520 0.086565532 -1.131435752
C 0.624678135 3.413817406 2.020117283
H -1.346858978 -3.456181288 -1.605669856
C 0.876233578 0.231567800 -0.398045093
H -2.248618841 -2.051219463 -0.980036080
C 0.677227855 2.318702459 1.217227459
