13

C 1.483843446 -0.253832281 0.635390460
C -0.097827561 0.756162643 -0.570774317
C -0.731085539 -1.206688643 0.732632160
O -1.544134736 -2.017410517 1.111127973
F 2.710604429 -0.367390394 1.073580623
N 0.619182348 -1.188615441 1.103017092
H -1.980236650 -0.075860649 -0.396240681
N -0.499450326 1.758832216 -1.384255171
N -1.011044145 -0.158577293 -0.122066058
H 0.256261796 2.276782751 -1.793799162
N 1.190247655 0.701818466 -0.192953065
H -1.332691312 1.665410042 -1.930667281
H 0.936330438 -1.890630960 1.735007882
