14

O 1.419626117 1.558850288 -1.217133641
H -2.239661932 -0.195814893 -1.251741529
C -0.979756176 0.583795488 0.383692354
C -1.196616650 0.022709936 -1.026759863
H -1.310657740 1.508239508 0.853358328
H -0.317393869 -2.104638100 -0.344787866
O -1.407767057 -0.699035764 0.947002411
N 1.578132749 -0.417879492 2.709224463
C 0.496648043 0.027227418 0.382031590
C -0.518856168 -1.056204319 -0.165176421
H -0.650231302 0.460702270 -1.858267188
H 2.507354975 -0.023902271 -0.563061059
C 1.057305574 -0.241677314 1.694722533
C 1.561873198 0.577627301 -0.543104410
