16

C 1.206912279 -0.478784323 -0.526351988
C -0.272258550 -2.540087461 -0.821599126
N -0.977378964 -3.148528099 -1.526225090
H 1.290068984 -2.454193830 0.566828668
C -0.996644855 1.067794323 -0.197793752
C -0.519982338 2.119230747 0.828807712
H -0.194513500 3.081108093 0.421376258
H 2.218079090 -0.305163741 -0.182159156
H -1.984181404 0.631651878 -0.024324000
H -0.877336979 1.361572623 -1.243805170
H 1.131808400 -0.355781376 -1.598656893
O 0.588620782 1.271354556 1.206352949
C 0.589524984 -1.777433634 0.074777648
C 0.164812654 0.227511346 0.344096333
O -0.167150244 -0.994756222 1.024180174
H -1.200380802 2.294505596 1.654495001
