22

C -0.139521509 2.463169098 -0.686571896
H -0.629078865 3.112859726 0.027909240
C -1.866672277 -1.311861277 0.657234788
C -1.815642238 -0.626041651 -0.718199253
C 0.700973511 1.416855097 0.031018352
H 2.396682024 -1.338255644 1.448179245
H -0.884056389 2.007130146 -1.327332258
C 0.719925702 -0.665035486 0.298838317
C 1.441757202 -1.725513458 1.065353751
H 2.436787844 0.257130176 -0.764050722
H -1.666282892 -1.232755184 -1.589982629
H 0.986588299 0.099811301 -1.762946248
H 0.503776073 3.087842464 -1.321864486
H 1.665124059 -2.580523014 0.436230540
H -1.764153123 -2.388609648 0.701012194
H -2.468840122 0.219207287 -0.891545177
N -0.026640533 0.499356657 0.970831811
C -0.706665993 -0.506085038 0.247362509
H 1.463538527 1.933049440 0.630348206
C 1.342404962 0.245837212 -0.752594769
H 0.851135075 -2.064235449 1.913987279
H -2.541139841 -0.903332174 1.386781216
