17

H -0.200796127 -1.349999547 -1.807909131
C -1.644255400 -0.843607843 -0.329240829
H -1.793217778 -0.196358904 0.536818326
C 1.229794860 -0.113197856 0.949420512
H 2.643509626 0.172531515 -0.779457152
C 0.414237708 0.647239745 -1.261600137
C -0.255597770 -0.714211285 -0.918868423
N 0.923069596 -1.148670673 -0.082827374
H 0.596106648 0.788863719 -2.322136164
H -0.060920879 1.546384096 -0.864447236
C -0.455247104 1.358079791 2.322107553
C 1.602071762 0.134650454 -0.471503705
C 0.279504538 0.684440136 1.670832276
H -2.391160250 -0.585221112 -1.082608581
H -1.821705461 -1.879485250 -0.016455932
H 2.045178890 -0.469293833 1.566836596
H -1.110573173 1.967856407 2.891039848
