16

H -2.062485456 -0.754682779 -2.619354725
H 0.189720631 0.264864504 -2.177189112
N 2.202573776 0.332478344 1.210537791
H 0.170803726 -1.407591462 -1.688613057
O -0.749122322 0.921800315 3.058045387
H 2.219605684 -0.231214449 -0.689909935
H -2.191468000 0.518419683 -1.397502065
C -1.763517022 -0.458856046 -1.601510406
C 1.420799732 0.625718474 2.191917896
N -0.595022142 0.273865223 0.871174276
C 0.225291848 -0.025461599 -0.092754722
H -2.219174862 -1.159683347 -0.895909011
C -0.252056956 -0.427829921 -1.466469407
C -0.062796831 0.625687778 2.114249706
N 1.580423355 0.002720938 0.055313863
H 1.886424661 0.899764299 3.127972841
