18

H -1.935503960 -1.050642133 2.054733038
H -0.716482460 0.229565918 -2.707382202
C 1.342521310 0.145512760 -0.113359645
H 0.722154260 -2.054818630 0.049471222
O 0.722280383 0.818028867 1.006301165
H 0.477401733 -0.878348529 2.205455303
C -1.471250534 -0.140531823 1.698442817
C 1.009906530 0.784122348 -1.451224685
C 0.364295632 -1.022785664 0.028109208
H -1.547567010 0.607248902 2.502086639
H -2.025467634 0.220330179 0.841887832
O -0.570436358 -0.919046998 -1.026625276
H 1.141045928 1.859953761 -1.424912810
H -1.112323165 1.079760432 -1.202420235
C -0.023921875 -0.378456324 1.366570950
H 2.409221411 -0.038576070 0.056228545
H 1.660132647 0.380163163 -2.225142717
C -0.446006596 0.358520269 -1.658219576
