18

C 0.279186994 -0.121568516 0.231048182
H -0.861716747 2.177342892 1.062495947
H -2.458666801 2.006450653 0.272224844
H -1.846347570 -0.328133613 -0.271533728
C -1.394729733 1.839021206 0.181251451
C 1.701321602 -2.110213280 0.412549376
H -0.249505371 -2.009707928 -0.374150723
N 0.477946848 -1.444837689 0.027942659
H 2.175730228 -2.567171335 -0.466064394
C -0.818816841 2.274659634 -1.185729504
H 2.376054049 -1.339847803 0.784132123
O 1.485757709 -3.147823572 1.335402489
H 0.191417992 2.679625750 -1.126789212
H 1.136772633 -2.739704370 2.128993273
H -1.438147783 2.893874407 -1.811669469
O -0.814572930 0.904074013 -1.639098644
O 1.107730389 0.610634625 0.735444844
C -1.049414635 0.423325568 -0.296449214
