18

H -0.525384009 -3.751013041 -1.782715678
N 0.956505001 0.860051870 1.276314259
H 1.157225370 -3.446350098 -2.168580532
H -2.074199438 1.193412900 0.363738626
C 0.264025211 1.598716378 -0.827252984
C -1.189962506 0.873633802 0.928651035
C 0.207361951 -0.924210012 -0.413227469
C 0.415161014 -3.398355722 -1.368000507
H 0.720754027 -4.097500801 -0.595539749
H -1.454605341 0.177352160 1.719378948
C 0.108909562 2.630360603 0.012375019
C 0.294944972 -2.048994303 -0.846536517
H -0.212335289 2.525753975 2.252585888
H 0.475128233 1.546249866 -1.877353191
H 0.161929578 3.691397429 -0.179933608
H 0.763096869 0.223948568 2.052427053
C -0.135615170 1.950550556 1.347308993
C 0.067059942 0.394995838 0.106360808
