16

C -0.143857539 -0.564054251 -0.186267465
H 1.846928358 -1.263292670 -0.911064506
C 0.458977222 0.647082567 0.367812425
O -2.035055399 0.028883759 1.963640690
C 0.792848289 -1.527529001 -0.919357479
H -0.982645690 -1.145125866 -2.182573080
H -0.997093499 -0.967551351 0.313406229
C -1.226897717 0.872415900 2.239059687
H 0.589017034 -2.588255644 -0.813278496
O 0.353156894 0.355430007 -2.520514727
N -0.081890985 1.195864677 1.548817158
H -1.324118853 1.548183441 3.117043018
H 1.036651850 0.815051317 -2.001463652
H 0.430228144 2.004816532 1.863762617
O 1.376493692 1.264569640 -0.150840431
C -0.092741929 -0.676488638 -1.728182077
