18

O 1.169989347 -1.346579075 -0.820260346
C 0.765855372 -0.200066403 -0.163017184
H 1.504244924 1.101982355 1.513170242
O -0.710651755 -0.703025281 1.712139249
C -1.071729660 1.238673210 0.384506136
O -0.197391480 1.966630697 -0.362474680
C 1.744030237 0.725826025 0.525725365
O -2.033117294 1.723741770 0.887644231
C -0.643695354 -0.244035125 0.388133109
H 1.408424616 1.472784758 -1.600181103
H -1.342052937 -2.042087317 -0.559882641
H -2.627135992 -0.899999857 -0.114848442
C 0.952284098 1.203593016 -0.663894296
H 2.050659895 -1.277801514 -1.135815382
H 2.787345409 0.534158230 0.365918577
H -0.533552051 -1.652693748 1.693806529
H -1.602838039 -0.605343878 -1.533599257
C -1.620669842 -0.995757580 -0.517069280
