20

N -0.282364190 -1.029335260 0.782705009
H 1.440021276 -0.453323960 1.952230573
H 0.785405517 0.844239235 -3.147434235
H -1.904341459 -2.093031645 1.468302488
C 0.269235015 0.142201707 -1.178480268
H 1.970030069 1.235760570 0.007286812
H -1.863828182 0.019089758 -0.247972906
C 1.127737999 -0.652390122 0.916441023
C 0.132631361 1.132596135 -2.314233065
H 0.553130507 -0.846001446 -1.557905674
C 1.077282667 0.633452833 0.072595224
C -0.795658648 0.062816255 -0.054931898
H 1.796811938 -1.403763771 0.491705924
H -0.375921816 2.077379704 0.063665293
C -1.114889145 -1.462411880 1.876506329
H 0.381110013 2.151205778 -2.042393923
N -0.187051445 1.259526491 0.623838127
H -0.549420774 -2.093972683 2.566627979
H -1.576136231 -0.653601348 2.439760208
H -0.883784533 1.129563332 -2.718312740
