13

C -0.509534955 1.484849691 -0.823749423
F -0.674919605 2.365559340 -1.797682524
C 0.143945679 0.278537869 -1.181953669
H -0.090887561 -0.929311633 1.841146946
H 1.353801966 -2.046969891 -1.173882484
N -0.957244694 1.826616883 0.340523183
O -1.176705122 1.098831534 2.522960186
C 0.310620844 -0.625445485 -0.161584735
N 0.845625937 -1.872320175 -0.318923712
N -0.144218177 -0.277334690 1.063050747
H 1.243672848 -2.326578140 0.487691104
C -0.813627124 0.938204646 1.390751719
H 0.469470084 0.085360333 -2.188347101
