21

O 0.127488256 2.465696096 1.743794560
H -0.310675889 -2.100991488 -1.613627911
H 1.587697029 -2.425750971 0.765040517
C -0.810445845 -1.135326505 -1.453971267
H 0.352529347 0.052457843 -3.018511534
C 0.020417320 0.011911767 -1.992758393
H 0.826728821 1.838118553 -1.220715642
H 0.033663925 -0.806541979 1.968728423
H -1.601540923 2.195030212 0.618727565
C 0.271098226 -0.733496070 0.919990957
H 0.549718559 2.932831526 1.021905899
H 1.846527457 -1.226314306 -0.496053427
H -1.773576021 -1.197631598 -1.942908883
C -0.949883938 -0.800243080 0.033777371
H -1.906081200 -1.039901853 0.514435410
C -0.858851910 1.620811939 1.180386782
H 2.393770695 -0.910052299 1.153388262
C 0.274971575 0.923080623 -1.048301697
C -0.284294546 0.544275224 0.275671273
C 1.589683652 -1.359658003 0.566292763
H -1.378944993 1.151694298 2.024709225
