23

H 1.579403996 -1.365783215 0.594856620
C 0.052265316 1.814728975 -1.328974605
C 0.574513972 0.757748365 2.099096775
C -1.030812025 2.776104927 -1.766476035
H 0.970584214 -0.848068178 -0.961189687
H -0.413401872 0.411190599 2.415877581
H 0.666745007 1.807046890 2.403450012
H 0.251112550 -3.601158142 0.077594005
H 1.744114161 1.049925685 0.341285974
H -0.718047202 -1.709317088 1.432600856
C 0.749810278 -0.833076298 0.115419455
O -0.983095706 3.441610813 -2.755975246
O -0.239470243 1.394186854 -0.020368911
H -1.503622651 -3.505770206 -0.087466173
H 0.060300402 0.967752039 -2.040148973
C 0.752131641 0.614750385 0.604496360
H -1.387370586 -1.003887892 -0.011142482
H 1.324187756 0.189432412 2.650812864
C -0.561049521 -2.980960131 -0.291864157
H 1.020302653 2.311829329 -1.396457076
C -0.556901574 -1.599426031 0.365922064
H -0.463505924 -2.899248362 -1.372700095
H -1.888194323 2.810387611 -1.068648815
