19

H 2.325677633 2.017630816 0.271769494
C 0.878566086 2.487355471 1.895709276
H -0.115749292 2.371958256 -0.069571376
H -2.177046537 -2.261389494 -2.291660309
O -0.206651360 -2.074057817 -3.015998125
C -1.158470750 -2.081067085 -1.949352384
C -0.185278267 -3.172665358 -2.134838104
H 1.965757728 0.614224970 1.363063335
C -0.931392252 -0.315449685 -0.004060653
H 1.030761719 3.545144320 1.811373234
H 0.713217616 2.139529467 2.911124229
H 0.663695633 -3.232790470 -1.466304064
C -1.025883079 -1.115571141 -0.906364441
C -0.796330392 0.656615019 1.085768938
H -0.469903767 0.137334406 1.986703873
H -0.533188939 -4.135493279 -2.534388542
H -1.780241251 1.064401031 1.301420212
C 1.637716770 1.577540398 0.964040160
C 0.164742529 1.776751161 0.781565905
