19

N -1.255165100 -0.478661746 -1.481392622
H 2.267221689 1.468000650 -0.012383577
H 0.762459099 1.734016657 -0.917812824
C -0.105303884 -0.858424842 -0.727226377
H 0.498398960 -1.618666887 1.277969480
H -0.414473295 -2.249097347 -2.423589468
C -0.791871309 -1.897169828 -1.475942254
H -1.376825213 -2.629226923 -0.936367512
C 1.276879430 1.070979834 -0.209985182
H 1.152120113 0.781722605 1.943447828
C 1.255690932 -0.406140059 -0.616913080
H -1.474415779 1.434852600 0.529873669
H -0.606782258 2.521616459 1.606321931
C 0.412974805 -0.760556340 0.622531593
C 0.485890657 0.718875051 1.086467505
H -2.066349506 -0.372567266 -0.859211743
C -0.805229902 1.472291350 1.379223108
H 2.098745108 -0.967227936 -1.025592685
H -1.313963890 1.035383701 2.240581989
