22

H 1.153507233 1.630328298 -1.520608544
N -0.363718450 -1.764831066 1.408556104
C 0.589493573 -1.511106372 0.334983021
H -1.306735039 -1.804034352 1.036853790
H -1.969124675 -0.323887408 -0.750190198
C -0.745725870 1.505683541 -0.532561183
H -0.967956424 1.404968500 1.619752288
H -0.245645002 1.645381451 -2.594786167
H 0.827943444 -0.105262026 1.988708377
C -0.747198761 0.751259506 0.775321186
C -1.891814709 0.607551396 -0.183950350
H -0.255165577 3.333456755 -0.204290017
H 0.188631058 -1.573311090 -0.684082925
H 2.019703627 -3.103732109 0.145402357
C 0.167361632 1.204041839 -1.688473701
H 0.298007905 0.129032478 -1.856122255
C 0.138218850 -0.395086318 1.198276877
C 2.000031233 -2.062107325 0.470539063
H 2.705133915 -1.483507872 -0.114745051
H -2.841377258 1.072378159 0.053089570
H 2.301060200 -2.022585392 1.517127514
O -1.054630756 2.865369081 -0.418799490
