23

H 1.007865787 3.150594950 -1.204827666
H -1.924690962 1.709286332 0.489892662
O 1.558961868 -0.317482829 1.975870252
H -0.411031395 -0.415764958 2.205475807
H -0.729714274 -2.587378025 0.964793086
C -1.777267337 0.062749468 -1.034801006
C -1.204209685 1.082798481 -0.037948348
H 0.499330521 -2.705301285 2.224950552
H 0.975385547 -2.577814579 0.535936117
C 0.251498640 -2.238281488 1.272899628
H 0.542215228 1.919221044 0.891137302
H 0.179665342 -0.336460203 -2.039604664
H 2.193434477 -0.499544263 1.311656356
H -2.394719839 0.383800775 -1.884642363
C 1.064455628 2.055715322 -1.195922136
C 0.245664075 1.487515330 -0.051838279
H 2.105218410 1.790778875 -1.095870137
H -2.321571350 -0.626720488 -0.374049217
H -0.445132315 -1.721885800 -1.187353015
C -0.024281800 0.032138340 0.150979817
C -0.417747676 -0.635262668 -1.192557693
C 0.302978128 -0.716252267 1.432943106
H 0.723692834 1.703550816 -2.157120943
