21

C 0.132740557 -0.516974390 -2.282353878
H 0.798582971 1.132780910 2.012490034
H 2.031412601 0.111792855 1.262147427
H -1.621965170 2.324772358 0.652870238
C 0.971095681 0.219438702 1.448724985
O 0.037899707 -1.282753348 -3.191126823
H -0.035434902 -1.800701261 -0.608968198
H 0.651349366 -0.616748929 2.062058926
C 0.529112041 -0.901735783 -0.845092833
C -1.882033348 1.400990009 1.159731507
H -1.848204494 0.121976607 -0.554712236
C 1.972133517 -1.355480671 -1.015728593
H -0.034727432 0.562521756 -2.398653269
H -1.469053030 1.464544654 2.161843538
O 2.946811438 -0.778065801 -0.638030052
H 2.054697037 -2.306448936 -1.586638927
H -1.569137216 -0.711786985 0.939879179
H 0.425712913 1.165872574 -0.362119883
C -1.325345278 0.196520627 0.402408034
H -2.960674286 1.340907574 1.242420077
C 0.195027322 0.228577390 0.138851166
