25

H -0.022693362 -1.642313838 -1.618447661
C -0.760864496 0.994707108 -0.229953334
H -0.237085238 0.764374673 2.361644268
H 1.334514618 1.352173567 0.110646851
N 0.013152916 -1.705052376 -0.614384711
H -2.316020012 0.177725717 1.000752330
H -0.830986023 -0.855308831 2.671624184
H -0.584367275 2.936779022 -0.145383015
C -1.310525894 -1.419935942 -0.052581344
H 1.991845369 -1.077182174 -0.462976009
H 0.874349356 2.018012285 -2.260103464
C 1.119144678 0.987333953 -1.984686375
C -1.306115270 -0.082751155 0.700847447
O -0.971131802 2.252781630 0.413911581
C 0.960266948 -0.819498897 1.431430101
H -2.056244135 -1.417318225 -0.856214404
C -0.373643816 -0.222292930 1.909725189
H 2.181534290 0.856453538 -2.136738777
H 1.069670200 -1.859298587 1.743555069
H -1.326174617 0.985639572 -1.169593453
C 0.735396922 0.706725299 -0.526459992
H 0.594113886 0.320059866 -2.673228979
C 1.007534385 -0.753270447 -0.096462950
H -1.601458549 -2.222246647 0.623261213
H 1.815787673 -0.276295871 1.859815717
