20

N 0.317793727 -0.085887834 1.460862041
H -2.142433643 -1.263416052 1.649460912
C -0.478253663 0.866662562 -0.592501342
C 0.575935781 0.163183227 -1.443031311
H 0.222062230 -1.910337806 -1.984056473
H 1.405745745 1.711462140 1.599933863
C 0.878516912 -1.284709930 -1.341057062
H 1.370000958 2.158441305 -0.828812301
C -0.928400457 0.265287936 0.744214535
H -1.484956622 -1.736681938 0.079840705
H 2.331912041 0.317128211 1.022771358
H 0.594660580 -1.037010908 1.216442943
C 1.367402434 0.810293257 0.979776800
C 0.965381801 1.227097034 -0.435057819
C -1.885675192 -0.904987633 0.654138505
H 0.562278450 0.501209199 -2.468758583
O 1.726533175 -1.792118907 -0.663410068
H -1.175473928 1.517161369 -1.123449326
H -2.818150759 -0.593302310 0.172661528
H -1.404879093 1.070526838 1.300030828
