16

C -1.708389044 -1.452955008 0.838334620
O 0.574261189 1.153975964 -0.348646164
N 0.646585047 -1.036089659 -0.028081425
N -1.593951702 1.751444340 0.295287669
H -1.268179417 -2.245594263 1.461620092
C 1.300587296 0.001982960 -0.394642770
H -2.411542177 -0.901270688 1.464430690
H 3.140570641 -0.905493915 -0.873503387
H -2.282310963 -1.954818010 0.041962005
C -0.629962027 -0.572226584 0.307957053
C 2.731584311 0.100452989 -0.841008663
H 2.802713394 0.536115587 -1.837354183
H -1.417827368 2.606378794 -0.200818405
C -0.654426992 0.765570462 0.094696201
H 3.312690496 0.718627870 -0.153988302
H -2.542402267 1.433899164 0.173754752
