15

C -1.598337770 -0.303839356 -0.422748715
H 0.636101127 0.663155615 1.828515410
H -0.193105310 1.852885723 0.830008090
C -0.960657597 -1.318691730 0.460351259
C -0.140873656 -0.160012484 -0.049419224
O 2.534281254 2.114630461 0.374549955
H -1.197672009 -1.316442966 1.512342215
C 0.420022428 0.954648077 0.799349844
O 1.924522996 0.409113616 -0.953850210
H -1.808074713 -0.585382938 -1.450701118
H -0.730328202 -2.290824890 0.035854541
C 0.854332149 -0.446841478 -1.115246177
O 0.816662073 -1.268290162 -1.988889456
H -2.288525581 0.410314977 0.023851303
C 1.731652617 1.285577774 0.116032071
