15

H -1.131115198 -1.747110128 -0.020595254
N 1.313402295 0.670373023 2.664307117
N 0.541952074 1.118429303 -0.691910505
C -0.845655203 -0.711264312 0.141600683
C 0.086059891 -0.244579732 -0.993097723
C -0.554086864 -0.295081556 -2.296776533
H 1.836118817 1.532885909 2.709538460
H -1.769201517 -0.101470865 0.130969048
C 0.619275212 0.427470088 1.523184180
H -1.624394536 -0.445426822 -4.271556854
N -0.187764555 -0.566487432 1.422077179
H 0.967306256 0.260186553 3.504791975
H 0.971207976 -0.883748233 -0.986102581
N 0.900149524 1.376095891 0.509526014
C -1.123253822 -0.390271485 -3.345955372
