14

C -0.735778272 -0.763831079 -0.243076891
C -1.369728088 1.042821288 1.303308725
N -2.271811724 1.592503786 1.765296698
C 0.343738109 -1.575140834 -0.783779204
H 0.122078903 1.887632847 -0.811592460
H 0.342859238 -0.101382032 1.494513512
C -0.231750354 0.369951963 0.694187880
C 0.680260122 1.371649861 -0.033309862
H 1.062132955 2.113185167 0.664998531
C 1.248070240 -2.238678694 -1.224963307
H 2.044438362 -2.814698219 -1.613170147
H -1.324927211 -0.317607164 -1.045016885
H 1.517798543 0.844864070 -0.485283494
H -1.427380681 -1.411270976 0.317886859
