14

C 0.108435407 -0.719767213 0.387653738
H 1.101351738 1.495417237 2.042567968
H 1.638492823 2.300213575 0.550419748
C -0.914612114 -0.929444194 -0.509840906
H -0.266387999 2.157169580 -1.024589658
H 0.586312413 -1.358908534 1.113114834
N -1.682239056 -2.061696768 -0.722484887
N 0.468567193 0.613805890 0.238325536
H -1.172923326 -2.929797888 -0.646697104
C 1.451496601 1.326527596 1.025681853
C -0.335712135 1.126359105 -0.724448502
H 2.387139797 0.772851586 1.048395514
N -1.178733230 0.222474933 -1.193713665
H -2.191188335 -2.015205145 -1.584384322
