17

H -1.848809600 -2.330553055 -0.236002505
C -0.006401504 0.491504401 -0.768850029
C -1.074442506 -1.569630861 -0.337838829
C -1.318100333 -0.259174377 -0.929616213
C 0.948700130 -0.611014247 -0.214120731
C 1.597595692 -0.014347599 1.063311577
H -0.761642754 2.324782133 0.316421181
H 1.567462921 -0.750259697 1.874705553
C 0.769200683 1.211425066 1.336513400
H -3.129267216 -0.474583656 -1.524255633
N 0.106744371 -1.768809199 0.096683413
H 0.904439867 1.816893578 2.224341393
C -0.072307803 1.491423488 0.362086445
H 2.653331518 0.238816306 0.903777480
H 0.314180017 0.935116768 -1.707898378
N -2.356033325 0.194791809 -1.534514189
H 1.705349803 -0.926380754 -0.924743772
