16

H -1.521954060 -0.318215638 1.711735606
H 0.939085484 -0.971979558 -2.110055447
O 1.202890277 -0.318811655 1.136749744
H -1.899528146 0.646070004 0.282830596
N 1.075012088 0.017745849 -1.969935894
C 0.083259374 -0.266978562 0.270281255
C 0.496320844 0.626366377 -0.918415964
O -0.578522086 -2.133541822 -1.127199769
H -0.108745143 -2.383642435 0.834079802
O -0.663750231 1.503268361 1.727127910
H 1.047966719 0.382473081 1.768144488
H -0.377463579 2.130177259 1.045307159
H 1.314437151 0.590969980 -2.762120724
O 0.333381414 1.843304276 -0.840685010
C -0.231360331 -1.729698062 -0.042827912
C -1.111029625 0.382492870 0.994983971
