18

C 0.355947644 -0.603230596 -0.058903594
H 1.031064868 -2.078027010 -1.562446952
O -0.268098861 0.913483262 1.616857290
H 0.759819508 0.198080033 -1.906037569
C -0.052586287 1.626813650 -0.657412052
O 1.114822626 -2.844881058 0.301503658
H -1.604400277 -0.504164219 -1.065765142
H -0.593021631 1.952927113 -1.559389949
C -1.005084634 1.051262498 0.406408638
H 1.674838543 0.208651528 1.487973213
H -1.907143354 1.637619615 0.611678541
H 0.493296772 -0.980639100 2.089894533
N 0.854320109 0.483327955 -0.941519499
H -1.712493062 -1.026238799 0.635758758
C -1.177939177 -0.401024848 -0.075331010
C 0.658878565 -0.161076397 1.390219331
C 0.885240138 -1.954599738 -0.455187529
H 0.492538422 2.481716633 -0.258300334
