16

H -0.817667782 0.507782340 2.027747393
C -0.464051306 -0.253428102 -0.071555480
H -0.384477794 -3.467216969 0.330493093
N 0.336552083 1.653707266 -0.804703176
C 0.043542255 0.368030280 -1.164026380
C -0.461794257 0.677757740 1.024687290
H 0.361353695 -2.288222075 1.416450381
C 0.044015449 1.831499696 0.511101663
O -0.902610362 -1.549785256 -0.049889732
H -0.114219993 -0.924817681 -2.494252205
H 0.768871605 2.336276293 -1.410012603
H 0.971507967 -2.466503620 -0.245631352
O 0.280640781 3.050664663 1.031903982
O 0.273372352 -0.051426463 -2.432981014
C 0.070027635 -2.477916241 0.383577526
H -0.005062373 3.053598881 1.947090507
