16

H 1.902016878 -0.766545832 -1.127728462
C 0.005765927 1.294693708 -1.030538559
C -0.615336776 -0.141566023 -1.023385406
H -0.341801316 -0.944418609 2.449156046
H 0.759827077 1.501025915 -1.775884986
N 1.326389194 -0.107311554 0.516441345
H -1.695761323 -0.121628359 -1.069575429
C 0.500497043 1.091929436 0.413346887
H -1.861863256 -0.817420006 1.549674392
O 2.201396704 -0.381128043 -0.418966085
H 0.566537142 1.821097136 1.195619226
H -0.787123621 -2.179118156 1.269012451
H -0.769523740 2.051788092 -1.091869354
C -0.818140090 -1.110335350 1.480803967
C -0.112552553 -0.324460268 0.425168097
H -0.260327429 -0.866602063 -1.761274576
