18

H -0.682914197 -1.301692009 -1.917136550
C -0.440815628 -0.552748919 -1.163027048
H -1.957888722 -0.851005852 0.413025796
O -0.274917781 1.749198675 -0.710659504
H 2.392525673 -1.720621467 1.420599818
H -2.476706982 0.254601806 -0.891400099
N 0.634663701 -1.048735857 -0.303075999
C -0.025169931 0.799990356 -1.754529834
H 1.357796788 -1.159209847 2.749031305
C -1.630970836 -0.102882035 -0.299489349
H 1.032724261 0.831049144 -2.025811672
C -0.919833243 1.073971272 0.333110303
C 1.817140341 -0.885778725 1.802651286
H -0.632498920 1.057408214 -2.640740871
H 2.496980667 -0.039825272 2.009803534
C 0.774295449 -0.468176335 0.811604381
O 0.046755392 0.576536536 1.265121460
H -1.511166096 1.787920356 0.900923550
