22

H -0.274883926 -1.638456821 1.975691795
C 0.038503494 0.555899620 -0.772863090
C 1.429236770 1.065815568 -0.239949197
C -0.311914176 0.064590350 0.667255461
N 3.460149288 -0.374514818 -1.018508554
C 0.943911612 0.805514455 1.214908123
H -0.449929595 2.083703518 -2.237504005
H -1.513119340 -2.008264780 -0.826152205
H 1.611948609 2.118160963 -0.469013125
H 0.127052650 -0.254468143 -1.497641683
C -0.291990519 -1.438888788 0.886940122
H 1.604042768 0.202079043 1.814962387
H 0.727267325 1.724582195 1.756453276
H -2.430424452 -1.804762959 0.664863110
C -0.864272714 1.664203167 -1.320437312
H -0.983690679 2.465138197 -0.598302662
H 0.641933560 -1.861851335 0.502771437
H -1.259353638 0.474053830 1.029378295
H -1.433728218 -3.238151312 0.431376427
C -1.482018948 -2.158197165 0.256039709
C 2.568811417 0.280927986 -0.676439226
H -1.857532382 1.272887111 -1.543829083
