17

C 1.008767009 -0.846191049 0.123148814
H 0.172613338 2.601918936 0.692252040
H -1.682576537 0.750699639 1.480206966
C -1.306087852 -1.162438393 0.298444092
H 1.228413343 -1.668783069 0.803927958
C 0.410230637 1.763721704 0.043572854
H 0.934079349 0.499424011 1.891252637
C -1.064921379 0.258362621 0.730860889
H 1.898661137 -0.649097264 -0.472992867
H 1.240759850 2.037779570 -0.614745975
H 0.245343745 0.311273992 -2.349401474
O -2.045278549 -2.010777950 0.728991210
H -0.159176812 -2.164313555 -1.362824559
C -0.400136322 0.079261675 -1.510862470
C -0.749428093 1.019384265 -0.575256705
C 0.506537497 0.416032761 0.900304794
C -0.237799898 -1.236258507 -0.806878388
