18

H 1.798383713 0.109954894 -2.302434683
H 0.434671402 1.163899660 -1.721929312
H -0.827727497 1.685311913 -0.068076700
C -1.364749670 -0.727090061 0.882297695
H 2.287603378 -0.583771944 0.040235251
O -1.934052587 -1.359996676 -1.358082652
H -2.437258959 -0.495251447 0.962517500
C 1.038718581 0.276132971 -1.560645580
C -0.373485118 1.554768562 0.907760322
C -1.065828919 -1.013696909 -0.600496233
C 0.369620293 -0.967227459 -0.993090451
N -0.576774418 0.277533948 1.576323032
C 1.318796158 -0.147124276 -0.147410169
H -1.216917515 -1.682460666 1.401204824
H 0.713786900 -1.899311543 -1.424959183
H -0.420273036 2.431008101 1.547135353
C 0.761561036 0.594730914 1.038047194
H 1.493926764 0.782589793 1.821604013
