18

C 0.035556562 1.698410869 -1.097718835
C 0.919575453 -1.138433099 0.235033840
C 0.849181652 0.032358438 1.241112828
C -0.923802197 0.713513076 -0.448089153
O 1.039795160 -0.653579414 -1.109071493
C 0.031148199 0.242383555 -1.500834465
H -1.357547760 0.432034701 1.678038359
H -0.319365859 0.001059738 -2.502054691
H 1.025584579 -0.322369546 2.253463984
H -1.966486216 0.786005020 -0.726295352
H -0.588405192 -2.037333012 1.536814451
H 1.474938154 0.907965183 1.051010251
H 1.684743166 -1.903456569 0.329580724
C -0.662169755 0.087940015 0.906771243
H -1.200833797 -1.874108195 -0.133253798
C -0.545439124 -1.442103624 0.623838544
H 0.876498461 2.071673393 -0.530150294
H -0.372970879 2.398039103 -1.808196187
