18

C -0.337334305 -0.814203262 -0.183361024
H -1.429648161 -0.822311401 -0.041084006
N -0.047111705 1.580676436 -0.102768503
H -0.123829775 -1.619045258 -0.886464596
O 0.661849976 1.790129900 -2.831101656
N 0.360814154 -1.147475958 1.049548268
C -0.473486215 -1.508749247 2.206218719
H -0.137068391 -2.364752769 2.777634382
O 0.160740837 2.735435009 -0.617599487
H 1.237660170 -0.146227345 -2.436852932
C 0.316743016 -0.253265917 2.196862221
C 0.029100154 0.495792687 -0.846488953
C 0.368774146 0.522908688 -2.291483402
H 0.394952863 2.415312052 -2.076421499
H 1.242902517 -0.175897270 2.742716789
H -0.459742159 0.045268871 -2.848576546
H -1.536774635 -1.419355631 2.092736006
H -0.228542492 0.685760915 2.096484900
