17

O 0.125498369 -0.846415102 1.691908240
H 0.398127317 -0.953065217 -1.099767089
N -1.593048453 -0.145592541 0.110822588
C 0.663578033 1.599128366 -1.845405340
C -1.066345334 -1.207229495 1.005649805
H -0.930581748 -2.104380131 0.383611798
N 1.517576933 0.773568928 -1.378285289
C -0.511209249 0.751953542 -0.200044781
O -0.612881839 1.584125638 -1.367847562
C 1.238342047 -0.612759650 0.832002699
C 0.708157539 -0.104370520 -0.492628455
H 1.868612170 0.139037609 1.311205387
H 0.863810897 2.335134745 -2.604135990
H 1.819159985 -1.532671213 0.710411012
H -1.795860291 -1.432763219 1.788162112
H -2.383158922 0.324940652 0.518981218
H -0.309777975 1.431358218 0.635359526
