18

C 0.348295361 -1.210403442 -1.188901067
H -1.408654809 -2.398183107 -0.929005265
O -1.453648090 -1.020381927 1.187935472
C -0.768411636 1.329236150 1.283462763
C 0.876033664 1.089066744 -0.454552859
H -1.600521088 1.849022746 0.813253462
H 0.489249170 1.599282384 -1.343470335
H 1.352187395 1.647577047 1.576897144
C -0.778747797 -0.111027800 0.779296696
H 1.929557920 0.888613582 -0.634495795
H -0.093020588 -2.899107456 0.076131485
O 1.060711145 -1.012122154 -2.147737741
H -0.020090489 -3.230548859 -1.688198328
C -0.334532619 -2.518290043 -0.923702359
N 0.150332659 -0.186082304 -0.265587986
C 0.587184966 1.877923250 0.830834329
H -0.935714364 1.354965091 2.362843513
H 0.599789500 2.950459719 0.664997041
