21

H -2.722356796 0.714895606 0.582384169
C 1.542466164 0.053242497 -1.358469009
H 0.958572507 -0.110088490 -2.269808292
H 0.069260046 1.231829882 -0.345079362
C -2.210966825 -1.895117760 1.342370272
H -2.656428814 0.542067707 2.341593742
C 2.524937868 1.194631577 -1.572147608
H -0.598090887 -0.871073902 2.125326395
C -1.266885519 -0.764532089 1.269865751
C 0.584428191 0.280491769 -0.194161162
H 2.089048386 -0.890232801 -1.186564684
H 0.099653512 -1.811514258 -0.001924035
H -1.102515578 -0.877973497 -0.874844730
H 1.158286929 0.397901863 0.726478040
C -2.052058220 0.559156239 1.444457889
H 3.137777805 1.361067057 -0.692612052
C -0.429293334 -0.849704146 -0.010317585
H -1.363129020 1.399718046 1.503498077
H 1.998395443 2.128407478 -1.789513946
H 3.186554670 0.988421917 -2.410590887
N -2.947657585 -2.781594276 1.370058537
