13

O 1.283554435 -2.803878784 -2.019756794
C 0.828248382 -1.339462519 -0.196437210
C 0.023732310 0.502655983 1.435968518
O 1.449554801 -1.974446177 0.606241524
H -1.135329485 2.361365080 1.914585352
C 0.799876153 -1.776907444 -1.668174863
H 0.293093711 -1.090215445 -2.361738443
C 0.110250421 -0.102873445 0.144128472
N -0.575362027 0.594058394 -0.770546079
H 0.480573088 0.152949870 2.330312967
C -0.776432693 1.595915675 1.239917040
H -1.675344229 2.274945974 -0.568450093
N -1.106414557 1.605893135 -0.086050704
