16

H 0.204639345 -0.186081707 -1.676077247
H 1.297512770 1.616292596 -0.347308904
H -2.236593962 1.402453423 -0.713857353
N 0.372973174 0.443154156 1.241138458
O -0.642021894 -1.844004750 1.020223618
C 0.659060538 -0.513482094 -0.744275272
C 1.323081374 0.627336562 0.111314505
H 2.316977739 0.367153883 0.448889643
C -1.002665877 0.611034989 0.703377128
H -1.192653179 2.509793282 -0.019574078
H -1.719814777 0.553775072 1.502502084
N -1.296191573 1.552647591 -0.334106773
N 2.150274515 -2.604025841 -1.201883674
H -1.418061852 -2.204651594 0.568950593
C 1.494716167 -1.677167654 -0.999062479
C -0.311232448 -0.654227734 0.439749628
