22

H 2.275207520 -0.056914184 -0.157272518
C 1.002995253 -1.704442382 1.424385190
H -0.977557600 1.048567653 -2.583543062
C -1.329794765 1.564983964 -0.569070458
H -0.632037699 2.406938314 -0.549701571
H 0.868209600 0.359468579 1.987760186
H 0.479843497 -2.105180264 2.296565056
H -1.348361135 -0.954700410 0.395712078
H -2.309712887 1.964973569 -0.864871323
O -1.489766240 1.088200092 0.769301653
C 1.244723678 0.315145403 -0.102169380
H -1.599066019 -0.265943229 -1.633400321
C 0.558382213 -0.252933025 1.148057103
C -0.975675285 -0.197168320 1.084270120
C 0.565725327 0.009793732 -1.448593855
H 2.075514793 -1.748530388 1.624083877
H 0.554989636 -1.071790099 -1.620685101
H 0.783434689 -2.347921371 0.582640409
C -0.876748145 0.550481796 -1.614491105
H 1.193383574 0.423805743 -2.248447895
H -1.392421961 -0.421053499 2.074359417
H 1.328731537 1.394218445 0.005111837
