21

C -0.618088663 0.615656018 0.246225655
O 1.473128200 -2.336344719 -1.086006999
H 3.129781961 -1.008757710 -1.305594563
H -0.276724756 -2.818800211 0.315557271
H -0.081300594 1.382071614 -1.802286625
C -0.508466721 1.651310682 -0.856955886
H 1.452191591 1.474283814 0.168307588
H 2.562802315 -1.325269461 0.410522759
C -0.642135859 -1.829740524 0.565654397
C 0.410530180 1.737034082 0.323628455
C -1.813074827 0.737580836 1.160000682
H 0.246781677 2.492933750 1.057836771
H -1.480678797 -1.795853138 1.241580963
C 2.314254045 -1.282408476 -0.642772079
C -0.133811027 -0.778652847 -0.026570616
H -2.118604660 1.783532619 1.257521152
H -2.681924343 0.185474411 0.774371564
C 0.929157913 -1.017844796 -1.032440662
H -1.602802277 0.365272135 2.163527489
H 0.755865097 -0.596212447 -2.012786388
H -1.316880941 2.364734411 -0.919321239
