16

C -1.123035073 -0.788748264 -0.297150105
H -1.742852330 -2.546087503 1.606912971
C 0.391289145 -0.113340646 1.372445107
H -0.774334669 -1.877691984 2.779576778
H -0.783102512 0.170516968 -2.183236837
H 1.786157131 1.227136374 -2.446084023
N -1.335111737 -1.705116510 1.971378684
H 2.188316107 2.223873377 -1.038441777
C -0.718966246 -0.906100392 1.027798176
N 1.030356884 0.709408045 0.578533649
H -1.965694308 -1.377286673 -0.639039040
H 0.712721705 2.530952692 -1.963352561
C 0.617026567 0.816782773 -0.678859115
C 1.371049285 1.751631737 -1.576253176
C -0.464023739 0.078128152 -1.153670073
F 0.810204029 -0.194057614 2.639441252
