20

H -0.564654052 -1.795212388 0.811089218
N 0.184843794 1.183644772 -0.300511628
H 1.796043634 0.387593061 0.866287768
C -0.884137332 0.165289357 -0.043845929
H -1.713608742 -1.774877787 -0.482532859
H 0.417487562 -3.072470427 -0.825985730
H 0.451232404 2.363858461 1.492860675
C -0.747393787 -1.362732053 -0.181358621
C 0.234604508 -2.033384085 -1.121414185
H -2.150861025 0.896881342 1.688827395
H -0.576271355 0.202538744 2.147959709
N 0.792144120 -1.502713084 -2.096997976
C -0.332548529 1.968148947 0.848792553
H 2.192254066 1.658056021 -0.293600798
C -1.120970964 0.750934780 1.368218899
H 1.302620888 -2.103079557 -2.686464548
H 1.820881486 0.024402389 -0.867618203
H -0.961971521 2.788942575 0.496505171
C 1.575766444 0.779789805 -0.133850604
H -1.715461493 0.474388778 -0.686360359
