18

H -3.012212753 1.446231961 -0.250928909
H 1.298004866 0.916975558 -1.135290027
H 3.001510859 -1.157957196 -0.209136814
H 0.359550983 -1.592291236 1.328884482
C -2.250689745 1.424584985 0.535274923
H 1.109750271 -0.000183540 1.107881904
O 0.029449193 2.090764284 0.352539957
H -1.423071146 0.083689831 -1.715681314
C -0.603496671 0.299169838 -1.037845135
N 0.747519910 0.211449474 -1.619044065
C 2.330709696 -1.651353121 0.524155080
C -0.860243678 1.366647243 -0.027298216
H 0.106130973 -1.776277542 -1.204483986
H -2.357928514 2.276014090 1.185072899
C 0.974567056 -0.982974231 0.656948566
O 2.660049438 -2.628999949 1.108965755
H -2.431771755 0.509344280 1.108315706
C 0.322172463 -0.834834576 -0.708330154
