15

H -0.403908968 1.478929877 -1.440484643
H -2.015645981 0.130326524 1.316329002
O -1.340069175 -2.533762455 -0.403585404
C -0.732598126 -0.152219474 -0.248338357
O 0.715576112 -1.911486268 -0.606761277
H -2.671710968 0.320916265 -0.165741339
C 1.311313987 1.116116643 0.763386309
H 1.755569458 2.050958872 0.405795604
H 2.496640682 -0.828907669 -0.019683491
N -0.106482916 0.524947464 -1.426906586
N 1.602494478 -0.443941891 0.208559737
C 0.633223653 0.355519742 -0.195278049
H 1.124124646 1.072510004 1.834952593
C -0.544886529 -1.636503696 -0.401686281
N -1.823640466 0.456595987 0.379442424
