17

H 0.853632152 2.014762402 -2.149726391
C -0.599935114 0.339738905 0.035072036
H 1.861037731 -1.550259471 -0.368040890
H 1.912578940 0.649813652 -2.468992233
N -1.703828096 0.954744518 -0.058168843
O -2.621036768 0.418841660 0.879237652
H -0.800358117 -0.514813364 2.670271635
C 0.667430401 0.406096488 -0.761489272
H 0.480221957 -1.560596228 2.669328451
H 0.181351081 0.540540934 -2.833329439
C -0.095331796 -0.886347651 0.820332646
N 0.072398134 -0.745007217 2.236607552
C 0.917163551 0.929859757 -2.136470079
H -3.373769283 1.016304731 0.780963123
H -0.675300777 -1.761571527 0.495214194
O 1.729500651 0.520504057 0.220493272
C 1.194245696 -0.772611260 -0.031302419
