15

H 0.531811595 -1.988920450 -0.717678845
O 0.818769991 -0.045764104 -2.404438734
O 1.279072881 1.284664869 1.470703125
C -0.048218708 0.086761773 -0.184961677
H -2.109642982 -0.651526570 0.209551319
C -1.271732450 -0.749765873 -0.478480160
H -1.543469667 -0.868321419 -1.520437360
H -0.007053989 -1.781713009 1.023114324
C -0.025241431 0.993158400 1.013686419
H 1.107604265 1.597156525 -1.281548858
H -0.622838497 0.545020998 1.828417897
C -0.046137206 -1.417460203 0.004953797
C 0.687480688 0.580189884 -1.386855364
H -0.469253302 1.960709095 0.777489603
H 1.718848825 0.455810279 1.646484852
