18

H -2.006069422 -0.518439949 -0.464598805
C 0.296340048 0.462249607 0.576659262
H 0.600102007 -1.067614317 -2.517365694
H 0.223403677 0.061726384 1.594878316
C 0.163687155 -2.088548422 0.029925510
N -0.562806845 1.605713010 0.454154372
C -0.480730981 2.650474310 1.334622622
H 1.914963603 -0.382325560 -1.510073781
H 0.492797583 -2.220816612 1.068925500
H -1.234579444 1.595512509 -0.275664657
C 1.009786248 -0.999081016 -1.499487519
H 1.342646122 0.767459869 0.462471008
O 1.231723666 -2.279674053 -0.901213109
H -1.279328823 3.396311522 1.144180417
O 0.330963820 2.761075974 2.207260370
O -1.305632591 -0.365896076 -1.084787965
H -0.685803056 -2.741661787 -0.173401624
C -0.051462553 -0.636464894 -0.446483791
