20

H 0.137780771 -2.019780397 0.437947154
C 2.013581276 -1.746077776 -1.268591642
H 1.103953838 -0.053754769 0.709460914
O -0.157622516 -2.273529291 -0.430334538
H 1.406863213 1.420211077 -0.142992496
H 0.232356548 -1.903792739 -2.338112593
C 0.640774250 0.664072335 0.035205524
N 3.148977041 -1.943668604 -1.178892136
C -0.510329068 1.361705184 0.769355357
O 0.082405724 2.054711819 1.837273955
H -2.381820917 0.930131912 1.786837578
C 0.545489192 -1.501927376 -1.375527382
C -1.590526342 0.382418245 1.266636610
H -2.046868324 -0.184290737 0.450137734
H -0.992932618 2.063140392 0.069421232
H 0.740109384 0.496015072 -2.148984909
H -0.612485349 2.495931625 2.337758064
C 0.240145400 -0.002770786 -1.307471395
H -0.839003146 0.100456126 -1.481999397
H -1.160848618 -0.339201242 1.972871900
