13

H 1.839669108 -1.142663836 0.918042898
N 0.885098934 -1.440137863 1.075544357
O 2.393267632 0.702255368 0.196320176
H 1.275624871 2.078948259 -0.802667618
H 0.675947547 -2.384002209 1.329003692
N -1.336756945 -1.115646243 0.321651757
H -1.160032988 1.802968144 -1.271907091
C -1.948017120 -0.077023804 -0.389801592
C 1.356779337 1.121619582 -0.266001970
H -2.998385191 -0.111867435 -0.608867228
N 0.171377063 0.457481951 -0.200843766
C -1.073416829 0.881327748 -0.726536036
C -0.081155427 -0.773259163 0.426062316
