17

O 0.748420954 0.452073634 -1.235555530
H -2.875216246 0.380133539 0.671218514
C -2.025165796 0.789539695 1.226306677
H 0.488090336 -0.632271230 1.923250794
C -0.746235609 0.462752640 0.530598998
H 2.427467108 -1.644393444 -1.418635845
H -0.877113640 1.712596416 -2.501830339
H 2.261962414 -2.180265903 0.255643934
C 1.361275911 -0.250024348 -0.146516860
N -1.293633938 1.537910938 -1.603507638
H -2.032465219 0.391549826 2.226502895
H -2.179084301 1.865950108 1.260392785
C 1.755920768 -1.665768385 -0.565760016
C -0.494333833 0.891186297 -0.868332148
C 0.332543403 -0.184876755 0.954334617
H 2.274395466 0.305782080 0.122192875
H 0.873172402 -2.231875181 -0.830304503
