19

C -1.437039256 0.070147552 0.222270384
H 0.125556827 1.600879431 2.093186617
H -1.182215452 0.750429928 2.961905003
C 0.549694180 -0.623981774 -1.029856682
C 1.645874262 -0.186633125 -1.962087274
H -0.450053453 1.331923366 -1.187543869
H 1.549090147 0.398650825 0.605384052
O -1.650532722 1.279779434 0.979537070
H -1.334116101 0.017357355 -1.976754189
H 1.909918785 0.887785196 -1.869592905
C -0.716154456 0.271467984 -1.109983563
H 0.288777411 -1.655508161 -1.275432587
H -0.598772705 -1.340375900 1.767388821
C 0.958210051 -0.502946317 0.458572447
C -0.366424233 -0.422716379 1.232474804
O 2.193130255 -0.896819592 -2.773807287
H 1.580069184 -1.346088171 0.763012111
H -2.360811472 -0.514133930 0.123720862
C -0.704201162 0.880781233 1.977605581
