25

C -0.328589588 -0.685484707 0.840777457
C 0.935995042 1.198926091 -2.344986916
O 0.226870880 0.490321547 2.910807133
H -2.610935688 0.183729157 1.793602228
H -1.166356444 -1.217559934 0.367294818
H 0.397185296 0.344161808 -4.271858692
O -1.855650663 0.645692229 2.188700914
C 0.455917090 0.036306676 -1.468237281
C -1.160182357 -1.476550102 3.111729145
H -1.470457435 -1.140738845 4.090604782
H 0.984903693 0.961678207 0.422816724
H 1.819240928 1.661494493 -1.887707949
C 0.118928857 0.473129272 -0.038991246
H 1.599277973 1.627371669 -4.382328510
H 0.989829004 -0.059359152 2.975954533
H 0.169446066 1.967415571 -2.358162880
H -0.308834404 -2.170233488 3.203685522
H -0.403182507 -0.431738287 -1.935626745
C -0.778815925 -0.261373788 2.258977652
H 2.054566622 0.025393430 -3.791273355
H 0.486921698 -1.410837889 0.952008665
H 1.233355641 -0.736080289 -1.435872793
H -0.677721620 1.227131248 -0.065549999
C 1.263395309 0.779112160 -3.774776936
H -1.975107074 -2.031907558 2.638413429
