15

H 1.977120161 -1.496681452 -0.682200909
F 0.291914225 1.071379662 -1.486095548
H 1.615673065 0.409611762 1.451492310
C -0.104779333 -1.242651343 -1.220292926
O -2.775323868 -0.901962101 -0.565373838
C -1.623630524 -0.764626205 -0.501302063
C 0.936242163 0.997396350 0.880930483
C -0.567124426 0.704383314 1.256998181
H -0.516022384 -1.779369354 -1.916557431
N 1.358808994 -0.848450005 -1.011559486
C -0.502608180 -0.361208558 0.154365718
H -1.223484159 1.533329010 1.036470056
C 0.673131824 0.331007093 -0.486921877
H 1.248053789 2.019614697 0.841040909
H -0.787971318 0.328226984 2.249006510
