17

O -1.179895163 -1.241700053 -0.259830773
H -1.893664956 0.993823230 0.838791549
O 2.093055725 -1.454558253 -0.203902662
H 2.695094109 -0.790072143 -0.554440022
H -1.086779833 2.566317320 0.782682359
H -0.438742280 -1.578875184 1.707781792
H 0.378082365 1.678650498 -1.098099351
H 0.015508376 -2.807507992 0.484125227
H 1.765369058 0.980828047 0.642321527
C -1.346703291 1.684658289 0.198890567
C -0.186665282 -1.756417036 0.667533934
C -0.098940857 1.021743417 -0.364939690
C -0.229992360 -0.416263640 -0.941823363
H -0.232603788 -0.554935038 -2.018922806
N 0.874780953 0.504366398 0.652400374
H -2.015047550 2.001757860 -0.604417682
C 0.887144029 -0.831815720 0.071848750
