15

C 1.069009066 0.818276942 -0.225168407
N 4.539644718 0.984169066 -1.612521529
C -0.750694215 -0.561099350 0.929960370
C -1.541162252 -0.782834053 -0.398272634
H -2.582642794 -1.088044882 -0.302833974
H -0.444659740 1.659082770 0.925164461
C -0.282952905 0.795787334 0.290016085
O 0.284459531 -1.413092017 1.285104394
H -0.085841745 -2.201100826 1.692875266
H -1.012259483 -1.473257422 -1.065675139
H -2.105638981 1.210251331 -0.653001547
N -1.291681647 0.614607632 -0.796799660
H -1.441768408 -0.353879124 1.764510751
C 3.452953815 0.922703147 -1.170109868
C 2.193235397 0.868429363 -0.663248420
