19

H -0.605146706 -2.690030098 2.322982073
C -0.939588606 -1.365210176 0.833032906
C 0.476455569 0.515780568 0.203618944
H 0.027573526 0.529169858 -1.925314784
H -2.814640760 0.525063336 0.942935586
H -2.380127192 0.340402484 -0.751553893
H -1.825765610 1.761025071 0.167730480
C -2.024721384 0.700789034 0.215839550
H 0.490984589 1.590447426 0.345646590
H 0.861452579 -0.905431151 -1.381739497
H 0.011249802 -1.132112384 2.619054556
C 3.134574890 1.292089105 -1.971013546
H 1.250649810 0.078721941 0.855389774
O -1.575548887 -2.118288279 0.112384029
C 0.833889902 0.171302095 -1.269347310
N -0.811246634 0.006666469 0.625008523
H 4.053563595 1.740976334 -2.234727621
N -0.265125066 -1.813747287 1.951202154
C 2.101516724 0.772385836 -1.661128521
