22

H 0.801410198 0.373628497 -1.873765707
H 2.305649996 -0.409750372 0.209940508
C 1.340791345 -0.487939984 0.712441742
H 1.459932089 -1.177526951 1.560871363
N 1.085718751 1.894862413 1.675715446
H -1.418181658 -0.614433765 2.182047129
H -1.652156234 -0.029195081 -2.272590637
H -2.046245813 1.029804230 2.035256624
C 0.711525381 0.833026588 1.111783743
H 1.110176444 -1.343997955 -1.974590302
H -2.620932341 -0.251612723 0.935514212
H -0.415499806 -1.695127845 0.020013619
H 2.630642414 2.738465071 2.325674057
C -0.896960974 -0.777386725 -2.529404163
C -1.741673350 0.147054911 1.467028379
H -1.337552071 -1.769630671 -2.389304638
H -0.662432313 -0.663996220 -3.592328310
C 0.361719757 -0.613581002 -1.674818754
C 0.107126385 -0.747348964 -0.175779417
C -0.621517539 0.482404143 0.481498301
O 2.456006527 1.847545266 1.996528149
H -0.957546473 1.234736562 -0.231730640
