15

H 0.933814466 2.095478058 1.716410160
N -0.386323094 2.081349850 0.031019036
H 1.681506157 -0.591660440 2.176784992
H 1.022509694 -1.742384672 1.071136594
C 0.464257330 1.508425117 0.959925830
H -1.207337499 -1.273943901 -1.999725580
C -0.321714580 -0.075131133 -0.464784026
N 1.328777194 -0.795924246 1.261938572
C -0.860829651 1.151006818 -0.823430061
C 0.544005990 0.168248653 0.668808639
C -0.580291033 -1.326829791 -1.107545495
H -1.535952449 1.400749326 -1.624157786
H -0.370100468 -3.233194113 -1.205311060
H -0.613119721 3.059622288 -0.008582861
N -0.099202245 -2.425811052 -0.652487159
