18

H 2.452407122 -1.488446593 -1.373752713
N -0.298337460 1.787149668 0.131038472
H 0.785644233 -2.282755852 -0.009344855
C -1.237126827 1.277360439 0.817047179
C -0.774561644 -1.197725177 1.063908815
H -2.670779467 -0.199492455 1.357728958
N 1.932793498 -0.634918034 -1.553288579
N 1.458317876 1.874304414 -1.352323890
C -1.797195196 -0.117459923 0.703284979
H 2.478184700 0.166649595 -1.833877325
C 0.679585695 1.143406510 -0.624846280
H 1.270493984 2.845377922 -1.188033223
H -1.727174163 1.936490655 1.526822925
H -2.150673628 -0.287850112 -0.303731889
H -1.283332348 -2.164803028 1.086666942
C 0.935661793 -0.328742743 -0.648851752
C 0.368965536 -1.280812979 0.114764877
H -0.422873050 -1.047731996 2.086786985
