15

H 0.807412088 -2.710278988 1.872508764
C 0.578862429 -1.810284734 1.341002107
N -0.226766676 1.636478543 -0.689773619
H -0.536970496 -2.727304935 -0.249418303
N -0.457709253 -0.730950236 -0.560969412
C -0.171768665 -1.795210481 0.145598337
F 1.675402403 -0.399464548 2.861269712
C -0.032782305 0.508081257 -0.138794258
C -0.936227441 1.656285405 -1.954116344
H -0.509662807 0.976354182 -2.697847605
N 0.703874171 0.522671282 1.084537864
H -0.919186890 2.663486481 -2.359237432
H 1.023087025 1.425708413 1.401624203
C 0.989718616 -0.574986577 1.767186403
H -1.987282038 1.359415174 -1.823570609
