15

N 0.445969045 0.679200649 -0.755038083
O 2.280108213 -0.155527532 -1.809745550
C 1.243967772 -1.495889664 -0.174076319
C -0.552757740 0.570617974 0.133889079
H -1.531790018 2.083883762 1.297824979
H -2.549939156 1.375319362 0.058822546
H 1.975382805 -2.274810076 -0.339053243
H 0.120095104 -2.513056755 1.372158051
F -1.683072925 -0.679968178 1.768034697
C 0.226456448 -1.628614068 0.753633976
C -0.670911014 -0.582526147 0.899181902
C -1.520335913 1.699395776 0.272608191
H 2.170902491 0.730781257 -2.172539949
H -1.256894588 2.505503654 -0.409928024
C 1.302819610 -0.314309984 -0.895772338
