21

C 1.684497476 0.502458215 -0.032724772
H 0.244586453 -0.371497959 -1.349246383
H -3.057793617 -2.426470518 1.191259503
C -2.095309734 -1.975588918 1.425479174
H -1.394173503 -2.768457413 1.661841989
O 0.784569204 2.380160570 -1.130308986
H -1.487794518 -1.757568598 -0.633578360
C 2.012812853 1.670304060 -0.931742907
H 2.390393496 1.304936290 -1.889125705
H 2.740750313 2.372998953 -0.516909122
H -0.673089623 2.015131712 0.300452024
H 1.677145004 0.810072064 1.027890921
H -2.341896772 -0.348716587 0.029706785
O 2.583842039 -0.558621347 -0.252247244
C 0.240493536 0.198883072 -0.414128989
H 2.314049482 -1.266620517 0.349852592
H -2.221678734 -1.357032895 2.319126129
H -1.116338134 1.650552750 -1.381500244
O -0.367622554 -0.546889842 0.610028148
C -0.310408771 1.610148311 -0.643795371
C -1.607033849 -1.138181806 0.259671092
