20

N 1.078887701 -0.109200858 0.370660931
H 2.307162762 0.926014245 -1.068811536
C -0.370135367 -1.942227244 0.685221493
C 1.550994158 0.124208361 -1.023474932
H 1.759976387 -2.121484756 0.255459219
C -1.141769409 -0.952637196 0.229173318
H -0.319231927 -0.155577391 -2.224824429
O -2.049334764 1.880965948 0.172067881
H 0.022433883 1.543967485 -1.835029721
C 1.064286590 -1.500970125 0.829495788
H -2.364218235 2.675019264 0.628997505
H -0.059189219 2.305753469 0.612631083
H -2.210027933 -0.974403024 0.070775524
C -0.334458321 0.277285188 -0.027660897
H -0.709186614 -2.946731091 0.936796963
C -0.815589786 1.512617946 0.721315503
H -0.881980896 1.277815223 1.795329332
H 1.392706037 -1.586282372 1.875081420
C 0.124544851 0.525094211 -1.488674164
H 1.954130650 -0.759226918 -1.514529705
