15

C -0.636267364 1.021499515 -0.633686602
C 0.627358258 -1.451989293 0.971688390
O 1.361858249 1.914857864 0.085168138
C -3.102485418 1.201176047 -1.545779109
H 2.849872828 -1.435826063 1.205204606
C 0.724605143 0.923223436 -0.144371718
H 1.647006512 -0.841499627 -0.904049754
H -0.232263684 -1.117002726 1.517534375
O -4.082093239 0.718772590 -1.039920092
H 1.992201567 -0.065399438 2.054841518
C 1.250628948 -0.453088224 0.018862454
H 0.597454488 -2.476830244 0.650715649
H -3.187755585 1.802805781 -2.486848831
C 1.953749657 -0.835413754 1.291156650
C -1.763870001 1.094714046 -1.040516138
