17

H 0.207002640 2.448288679 0.442074448
C -1.621158957 1.478493094 -0.010486804
C 0.598593473 -0.802831829 0.193447024
H 2.636808395 -1.210171819 -0.420676053
C 0.788554013 -1.089989901 1.627354264
H 1.441144943 -1.340084910 -1.715274453
N 0.936651886 -1.323484063 2.740197897
H -0.399527729 -1.166363358 -0.069625482
C -0.190612778 1.429411173 0.557450652
O 0.713588178 0.572852910 -0.083902262
C 1.640249729 -1.546655774 -0.658304513
H 1.563592076 -2.619825125 -0.484664977
H -1.040941477 0.365987599 -1.630030990
H -2.748749733 0.705316603 -1.515019298
N -1.822062731 0.715624392 -1.114966154
O -2.460291862 2.157181263 0.512343764
H -0.242840439 1.226250648 1.630083561
