17

H -3.527650356 -0.993464172 0.823469937
C -0.451206326 -0.727293193 0.140245304
H 0.230623335 0.737423182 1.496489644
H 1.873804331 2.088105202 -1.848387241
C -2.487855196 -0.713539004 0.809570968
C 0.836945236 -1.065862656 -0.540138066
O 1.769284606 1.206683159 0.071715310
C 1.748013616 0.118179753 -0.840071142
N -0.533587575 0.174825996 1.161182523
H -2.165997028 0.857917011 2.374889612
N -1.614958405 -1.298953772 -0.084342033
H 1.398034215 -1.778264999 0.076704711
H 0.192205817 1.541848898 -1.328985095
C 1.262432814 1.414415359 -1.242577910
H 2.731261969 -0.185287178 -1.179813623
H 0.582031965 -1.582291484 -1.473650098
C -1.843382001 0.205557510 1.583697438
