21

H -1.358068466 0.951565623 -1.842307210
H -2.892847776 -1.507687449 0.518190920
H 1.413060427 1.796670675 1.534203649
C -2.510022879 -0.612369180 0.026625143
C 2.128444672 1.115109324 1.071737528
H 0.996499062 -1.410068274 1.633387446
C -1.226805329 -0.943717360 -0.727006316
C -0.638213098 0.281284928 -1.402957320
H 2.669550180 0.603379965 1.866078019
C 0.456080049 -0.761925101 0.955625772
H -3.266343355 -0.251248658 -0.681196213
H 2.847933054 1.711311102 0.514301240
H 0.882418513 1.854246616 -1.112048268
C 1.421841025 0.110306501 0.160066843
H -2.354506493 0.146302775 0.774091184
C 0.666712940 0.804450870 -0.964141428
H 2.169373274 -0.533839226 -0.295589566
H -1.449162126 -1.681244969 -1.511545181
H -0.203408673 -0.134677798 1.566162348
O -0.289122045 -1.609398484 0.105906986
O 0.536587358 0.071548507 -2.189585686
