18

C -1.342980623 0.741305768 -0.662451625
O -2.173958063 -0.401807219 -0.549819052
H 2.492766142 -1.462191224 -1.183228254
C -2.467213154 0.740508020 0.266373515
H 1.809075356 -1.878792167 1.224696279
N 1.798950195 -0.939467311 -0.669036627
H 0.509546995 1.591426492 -0.150533676
C 0.368921191 -0.226967409 1.026368856
O 0.840596318 0.042943187 -2.522076368
H 0.367465734 0.363536566 1.938046336
C 0.930102348 -0.123881035 -1.313208103
H -0.403188705 -0.996741951 1.135461926
H -2.301607609 0.595853865 1.324075937
H -1.452175498 1.257736087 -1.609673619
C 1.746055245 -0.879900515 0.776680112
H 2.565562010 -0.274536639 1.186398029
C 0.093447849 0.582178652 -0.232032925
H -3.381366014 1.268797159 0.013959337
