19

H -3.290491581 1.116354823 -0.643651724
C 0.126732409 1.161494255 -0.382653058
O -1.313815951 3.099611998 -0.748985291
H -2.257311583 -1.249226570 -0.146688029
C -1.716216922 -0.312201440 -0.223261163
H -0.053063240 -0.818619072 1.962365270
H 2.228569031 0.030707207 1.342127204
C 1.927461147 -0.989516258 1.133656740
H 2.275353909 -1.599865317 1.958434820
H 1.488497853 -0.160613865 -1.515405178
H -0.150188595 0.009272533 -2.312189102
C -1.163304448 1.898587108 -0.581751406
H 2.429468632 -1.329420924 0.231339067
H 0.141647413 -2.139772415 0.828435957
C -0.220336840 -0.268459052 -0.087144963
C 0.406763971 -1.102046728 1.010388136
C -2.245385647 0.882934391 -0.498091757
H 0.946980596 1.690522194 0.070778005
C 0.438639671 0.080257282 -1.397703528
