19

H -1.833484530 1.136037111 0.671710253
H -0.930972219 -1.332891345 1.543873906
N -0.848593473 0.681257844 -1.128509283
H 1.641375065 0.194400445 2.682180166
N 0.751423359 -0.097086720 0.812181532
H -0.318504274 -1.034736753 -2.258686781
H -2.498961449 -0.273081064 -0.176517725
H 1.375370622 -1.520080566 2.286670685
H 0.966249108 0.158991262 -1.997482419
C 0.430648178 -1.057900786 -0.236266732
C -0.589578032 -0.657961607 0.767580092
C -1.570048094 0.267528355 0.079882599
O 0.158197820 2.417640924 -2.228249788
C -0.669720709 1.985753059 -1.461026669
C 0.119433112 -0.338296145 -1.537652969
H -1.392294288 2.645376444 -0.931821823
H 0.884122729 -2.039283276 -0.238002121
C 1.649768233 -0.540630817 1.867844105
H 2.675568581 -0.595036566 1.482293367
