20

O -0.711925566 -0.965323806 -2.460326672
C 2.496103525 0.224437952 0.098719224
H 1.416433692 -1.513857484 0.775231361
H -2.851533175 -0.081888631 -0.514522195
H 2.439736128 1.003346682 -0.661345959
H -0.118607014 1.825482011 -1.038511276
C -0.366659462 1.327194214 -0.095941700
H -1.475823879 -1.756432176 0.642923772
C -1.230781913 -0.703777492 0.792662203
O 1.216781020 -1.354976892 -1.294111967
O -1.739156365 1.509371042 0.192784682
H 3.428573608 -0.323349446 -0.047478627
C 1.330851078 -0.718989551 0.030238990
H 2.536663055 0.707063675 1.079918385
C -0.116963126 -0.187858254 -0.118835010
C -0.034835342 -0.849446952 -1.495824099
H 0.217651367 1.797048569 0.708261669
H -0.947787344 -0.559896588 1.828672767
H -3.124159336 0.374237984 1.177281499
C -2.364559889 0.247615337 0.400203168
