15

H -3.062606812 0.279528886 -0.934554398
H 2.027528286 -0.863170981 -1.601528168
O 0.442409664 0.565446675 2.326218128
H -0.214263603 -0.729945540 -2.693102598
C -0.080917634 -0.448598176 -1.652272463
H 2.456352711 0.040319033 1.784958363
C 0.211606100 0.244415969 1.013089657
C 1.168887019 -0.521502197 -1.033078909
H -1.879621387 0.670427322 0.973842800
C -1.178790689 -0.035777140 -0.929462314
O -2.391952991 0.030980187 -1.564444900
H -0.359945744 0.858565032 2.744358778
C 1.333184004 -0.171700358 0.285097927
O 2.554340601 -0.243376389 0.872528493
C -1.026208758 0.324387640 0.408349365
