20

C -0.964988053 -1.182179689 0.400733799
C -0.461921304 -1.656526446 1.766651630
H 2.197363853 0.698026836 -2.818333626
N 0.027310757 -1.492553711 -0.586470366
H -1.268086314 -1.634318590 2.491738558
C -1.493548036 0.275701374 0.435405195
C 0.840104938 -0.704012215 -1.190415382
H 0.336916298 -1.007174492 2.119575500
N 1.989839792 1.225448132 -2.003424883
H 1.894527316 2.217254877 -2.197183132
H -0.086846225 -2.674710274 1.695866346
C -0.500084698 1.333924890 0.676699638
H 1.111738324 2.501656294 -0.009783376
H -0.688675880 2.047878027 1.487656593
C 0.573752999 1.558960915 -0.114978611
H -1.831705689 -1.806881905 0.149814919
H -2.006359577 0.466720313 -0.510945797
H 1.514663458 -1.190028667 -1.899930239
H -2.265570164 0.315268815 1.221766233
C 1.081567883 0.707546413 -1.114443779
