18

C -1.075173616 -0.230849415 -1.394339204
C 1.448667526 0.831170321 1.495921850
C -2.203393936 -0.277353555 0.711004078
C 1.721775651 -0.248913273 0.495190859
H -2.369795561 -1.342063665 0.535345495
O 0.527172625 -1.098556042 0.266983509
H 2.617690563 -0.816811442 0.720400035
C 1.542486072 0.282114685 -0.980223894
H -3.114298105 0.149621189 1.115561128
C 0.266153991 -0.447663307 -0.889994621
H -1.406140447 -0.163497850 1.435410857
H -1.490421057 -1.191836834 -1.692328811
H 1.476153374 1.360270023 -1.088231444
H 0.518159330 1.397690654 1.293256044
H -1.005291104 0.406033456 -2.295183182
O 2.190456629 1.101669669 2.416200638
O -1.922418475 0.428188533 -0.483406603
H 2.278216362 -0.139213130 -1.661566734
