19

H 1.820031762 1.462734222 -1.945877552
C 1.033690453 1.078344464 -1.311660290
H -0.476714253 2.666653633 1.132219791
H -2.418973684 -2.132323742 -0.482257873
C 1.467248797 -0.178902373 -0.568859458
H 2.380208015 0.038439658 -0.001583821
C -0.086661406 0.543384314 1.252800465
O 0.735868514 2.126120329 -0.395976067
C -1.608816743 -1.934588075 0.212356150
H 0.159524009 0.851111174 -1.942944765
H 0.692200840 -1.449037194 1.022096515
O -0.739392459 -1.017508984 -0.427551478
O -0.256814688 0.459757417 2.444284201
H -1.280147433 1.689101100 -0.114136845
H 1.684001565 -0.988890946 -1.276777506
C 0.362328559 -0.625762820 0.375143468
H -2.024551392 -1.539028525 1.137974381
H -1.095420837 -2.876686573 0.433099836
C -0.347609520 1.827082992 0.457651228
