15

N 2.066220760 0.397719145 -1.339108586
C -1.712810755 -0.409754783 1.134792805
H -1.685283422 1.333946228 -0.148579732
C -1.043104291 0.799730420 0.554785311
H 2.746454716 0.941137433 -1.816663265
C -1.039961576 -1.521010399 0.824210048
C 1.035789251 1.048751235 -0.765484273
O 0.867710233 2.252509356 -0.779289305
H 2.103657722 -0.619657934 -1.282374501
O 1.006426215 -1.906373382 -0.425917834
H -2.619467974 -0.350688189 1.708906770
H -0.731058538 1.521281958 1.314060807
C 0.142766967 -1.169959307 0.021406537
N 0.116777502 0.218440831 -0.105739653
H -1.254116535 -2.536072731 1.104994893
