23

H 1.107341528 1.702449799 0.339416832
C -0.414273322 0.394969434 1.102563739
C -0.019692548 -0.877901912 1.801001191
F 0.756315529 -1.801389694 1.304617763
H -2.468314648 -1.062205672 -0.785167456
C -1.353451490 -0.803228736 1.039451599
N 0.830285668 0.172245607 -1.154240966
C 0.411171466 0.952668369 -0.013691589
H -1.393628597 1.998743773 1.521342278
H -0.784696877 -1.596448541 -0.881247163
H -0.131253541 -0.873203516 2.897924900
H 2.881732702 -0.161685407 -1.120755911
H 1.482292056 -0.900997758 1.484921575
C 2.153229475 0.424730033 -1.691559196
H -1.134413719 0.913059056 -1.655601144
H 2.440210104 1.488353848 -1.664944291
H 2.179352283 0.085462287 -2.734145880
C -0.141728655 1.233225822 -1.382399321
H -2.190942287 -0.719060600 1.714692593
H -1.980687261 -2.561636448 0.003894780
H 0.208772510 2.133345127 -1.896688104
O -0.791568041 1.402558446 1.999508381
C -1.646053195 -1.544053197 -0.228894591
