18

H -2.300252914 0.355411023 -1.089947104
N -1.984176993 -0.320002347 -0.418507844
H 1.461411834 -1.345968723 2.127843618
C -0.547799587 -0.842414260 1.463984728
H -1.649881005 -1.119815350 -0.935054123
H -0.179502249 0.793754935 -2.298539162
H -1.395189643 1.082809925 0.970858395
C -0.965181470 0.231384441 0.446764559
H 2.290454149 -0.495099753 -0.394773155
H 0.880479932 -2.318382978 0.771748126
C 0.351899177 0.619720340 -0.225598305
H 1.379148960 1.502420902 -1.885649562
O -1.257288814 -1.286364913 2.314565897
H -0.095660210 2.332386971 -1.432017207
C 0.899448097 -1.305320024 1.196335793
O 1.325823545 1.042714238 0.726388693
C 0.365793705 1.354633570 -1.548202634
C 1.420473218 -0.281868070 0.209798843
