16

C 2.484824657 0.656943083 -0.731703997
H -2.842156649 0.535239756 -0.505275428
H -0.655723631 2.183687210 -0.310916245
C -1.333475709 -0.971786022 0.217019260
C 1.648188949 0.829144537 0.517451644
N 0.292958528 0.413111806 0.332245111
C -0.758291125 1.127556562 -0.102415204
H -1.436904550 -2.971003056 0.375520170
O 3.314049006 1.432492495 -1.101480722
N -0.046611529 -0.902449787 0.506269991
H 2.069041014 0.203251839 1.304264903
H 1.700537682 1.872584581 0.823635876
H 2.265185118 -0.286891818 -1.287944198
N -2.031664610 -2.157737732 0.383193374
C -1.842226386 0.294879973 -0.195261255
H -2.827730894 -2.259022951 -0.224603400
