22

H 2.806174040 -3.179072857 0.460347742
H 0.810479879 -2.808987617 -1.037311792
O -0.195095852 0.934054852 0.151230648
C 1.807881117 -3.530186415 0.735134780
H -1.320436716 -0.789098740 -0.040651590
H -1.388450742 5.081034660 0.145809606
H 1.743701696 -4.587301254 0.452420533
H -2.584000111 3.990559340 -0.595992029
N -0.845398843 3.064000607 0.087759688
H -0.114271931 3.174832344 0.712061882
H 0.643819153 -1.111144304 1.501007557
C 0.726394415 -2.708092928 0.043802265
O -1.847767830 1.534750819 -1.267182708
C -1.526465774 4.212475300 -0.500029624
H 1.748953581 -0.802787781 0.183492392
C -1.035850525 1.807159185 -0.425372094
H 1.728297710 -3.477247000 1.820653319
H -1.152295470 4.445769787 -1.500930190
C -0.312227547 -0.428012699 -0.282384455
C 0.763667285 -1.230465174 0.427646726
H -0.257481307 -3.120193481 0.296540916
H -0.199626520 -0.472046316 -1.368053555
