23

C -1.088529587 0.871933401 1.386371017
H -3.071734905 1.636452317 0.611983120
H 1.860777020 -1.610437274 -1.622128487
H -0.786815405 -1.225400686 0.954080641
C -1.872798204 0.022909228 -0.438986719
H 2.547199965 0.399029404 -2.104061365
C -0.620794535 -0.271344960 0.443963468
H 2.819434404 -0.820834160 0.531131625
H -1.646593809 0.733819604 -1.227707505
C 1.203454256 -1.624505520 -0.763677955
C 1.788840532 -1.167860031 0.548437119
C 0.772758603 -0.306650013 -0.149802044
H -0.946096361 0.726574123 2.448577642
H -0.638661087 1.829097867 1.115364432
H 1.485489845 -1.670212388 1.449102640
C 1.266594410 0.984723866 -0.787828147
H -3.111949682 0.038906850 1.372113466
H 0.549170315 1.313646793 -1.561801076
H -2.390843630 -0.829773724 -0.874219477
C -2.498271465 0.721590817 0.784997404
H 1.298549891 1.763180256 -0.037667386
H 0.496756941 -2.433502913 -0.760048449
O 2.584062815 0.918656886 -1.318194151
