18

H 1.601641178 1.302244067 -1.904018760
H -2.466132879 -0.345663607 -1.154634476
C 1.647256374 -0.429728746 -0.493596882
H 2.431709290 -0.893067062 -1.092100859
C 0.396728277 1.855940819 -0.123179972
C 0.122288793 -0.870809317 1.165994287
C -0.652457058 -0.236501783 0.015421773
H 2.218709707 -1.149085999 1.573055625
N 0.322211146 -0.296231985 -1.144552708
C 1.146274328 0.919641137 -0.988295436
H -0.337342978 -1.170498371 2.096525669
C 1.429839730 -0.879048944 0.892494261
C -1.990018487 -0.865940630 -0.312456846
H 0.726826012 2.873136044 0.073052987
H -2.667161942 -0.829311073 0.542408407
H -1.850926161 -1.910162687 -0.585013092
H -1.400775790 1.670113683 1.065166712
C -0.678669810 1.254973769 0.373729408
