16

H -0.301920652 2.558778524 -2.462463856
C -0.693398237 1.727896214 -1.877499461
H 2.171551466 1.298369169 -0.310305655
N 1.555650353 1.774443626 -0.977344036
C 0.401430696 1.219697237 -0.966892838
O -0.995381534 -1.533903122 0.979946315
C 0.294392854 -1.442378998 1.346813083
C -1.155241370 -0.542482853 0.040737353
H 1.623811960 -2.116661310 2.673491001
N 0.981370866 -0.517872632 0.765359581
H -1.558818340 2.079658985 -1.295292854
H -2.127007484 -0.449665308 -0.399417579
N 0.748893976 -2.388572693 2.234872580
C 0.049144179 0.083082229 -0.096339919
H 0.057226833 -2.692919731 2.897710800
H -1.051705480 0.942530453 -2.553374767
