19

C 0.162280262 1.255413294 0.056853525
C 1.709293127 0.651404262 1.219381571
H 2.041262388 1.444896698 1.894599557
H -1.912917018 -1.663787007 -2.041086435
H -0.612148225 -1.379667878 1.862049818
C -1.016958356 -1.353641272 -1.493494391
H 2.317405462 -0.244109303 1.409519076
H 2.138311386 1.817216039 -0.507943988
C -1.285015225 -0.713878751 -0.122090496
H -1.704041958 1.295462966 -1.089473724
N 1.582441807 1.017042160 -0.208431602
H -2.298498392 -0.820265174 0.274856836
H -0.283794850 -2.160582066 -1.529440999
N 0.231068626 0.466202676 1.324307919
C -0.906551480 0.599390626 -0.835748851
H -0.059574418 2.312047243 0.256158084
C -0.217178956 -0.881802380 0.956827402
O -0.483594984 -0.119228743 -2.007885933
H 0.598211467 -1.522113442 0.581042469
