15

N -2.278171539 -0.605719090 -0.090124279
O -0.125044733 1.233047843 0.566455007
C 0.134428889 0.012328587 0.052827515
C 1.006259680 2.008318901 0.889856517
H 2.328552961 -0.374953896 -0.127667561
C -0.929433107 -0.877767920 -0.321782827
H 0.652298570 2.953845024 1.293424249
C 1.299748302 -0.630140185 -0.243122131
H 1.622707605 1.514547348 1.645254850
H -2.452551603 0.392137796 -0.076935522
C -0.324275613 -1.988167524 -0.842277408
H -2.910849571 -1.069521308 -0.716394305
H -0.679987133 -2.914125443 -1.238183260
H 1.619632363 2.194795132 0.001728092
O 1.036684632 -1.848625183 -0.793058813
