17

H -1.457904577 2.345899820 -0.409087002
H 1.175325751 -1.059783578 2.384778738
H 1.650233865 -1.797452927 0.849493265
C -1.054368615 -0.079569690 -1.324196815
O 1.595389009 0.278933227 0.920191288
C -0.391202569 -1.219511628 0.931080043
H -0.566832244 -0.885220528 -1.856900454
C 1.073911667 -0.975530684 1.299820185
H -1.960632920 0.288312197 -1.793709397
O -0.529625118 2.222776175 -0.510558844
C 1.275697470 0.642392337 -0.398071826
C -0.226355284 0.876817763 -0.539676249
H 1.621232867 -0.100222416 -1.116244793
O -0.930118620 -2.250180244 1.267868757
H 1.789695263 1.599962950 -0.588404596
H -1.986999512 0.228414044 0.672246635
C -1.077445984 -0.116036609 0.211371332
