25

C 2.456466198 0.305143327 1.658281922
C -1.176059246 0.111524411 -1.521557093
H -1.788082242 -0.230679497 1.878762722
H 2.235913754 -0.289174080 2.538490295
H 0.218138024 1.616489053 1.253184080
H -3.256400347 0.744249463 -1.863864779
H 2.453322411 -1.726887584 -0.284212291
H -1.724084854 1.425782561 0.003121836
C 1.471895933 -0.005684097 0.546456754
C -2.383428812 0.296662837 -2.324982405
N 1.355074048 0.993077636 -0.515410066
H 0.715260029 -1.706156969 -0.590320408
H 2.423614502 1.349451900 1.950809956
C 1.484262228 -1.465267181 0.141514733
C -1.129890800 0.516091228 -0.054657172
H -2.591314316 -0.367139906 -3.160873890
H 3.473773479 0.069196016 1.349817514
O -1.271847367 1.155584335 -2.474893093
H -2.852166414 -0.667916358 0.534849167
C 0.252244592 0.878556073 0.454668641
H -0.480551332 -0.673371673 -1.819689035
H 1.916103959 1.816068172 -0.293340057
H -1.317102075 -1.504061222 0.756926298
H 1.319977283 -2.102389812 1.008600473
C -1.805119514 -0.539148927 0.828316033
