20

H 2.693784952 0.629692614 -1.993500471
H -2.340970993 -1.878299832 2.684457779
C -0.727253079 0.333177209 -1.464001656
H -0.842493117 -0.750456512 -1.596939325
H -0.786637127 -2.537787914 2.094590187
H 1.563352823 2.264877319 -0.431624055
H -0.834400892 1.602312207 0.324100107
C 0.517526329 0.958062291 -2.105720758
H 1.741584778 -0.740402758 -1.265811920
H 0.530821145 1.523159146 -3.020128012
C 1.752119780 0.309088498 -1.550870180
O -1.338546157 -0.640627384 1.441797137
C -0.047837451 -0.234308347 1.040383816
C -1.301559329 -1.632022738 2.438189983
C 1.049901724 1.346040726 -0.726104140
H 0.535733998 -1.098414660 0.695572734
H -0.808465183 -1.282253027 3.348779202
H 0.503660798 0.209358558 1.889617562
C -0.204301119 0.795199931 -0.061456412
H -1.656021833 0.823604584 -1.741331458
