18

H 0.697812855 -0.748356640 -3.471648455
N 0.244032159 0.593814909 -1.476703644
C 0.170757338 -0.854835927 0.808428407
N -0.169350460 0.559101403 0.831283271
H -0.274821460 -1.322022557 1.698323846
C -0.234596401 1.232584238 2.115696669
H -1.450193048 -1.465129614 -0.436656624
H -0.378395915 2.292056561 1.943467617
O -0.019140223 2.531946182 -0.324218780
H 0.402261168 1.193054676 -2.261884689
C -0.357805490 -1.500663400 -0.451222092
H 0.689809203 1.068265915 2.690054417
H 1.261632204 -1.004764318 0.885381579
H -0.060777422 -2.547873259 -0.520898998
C 0.135641828 -0.781743228 -1.675503492
N 0.394032687 -1.392258525 -2.745994329
H -1.070682764 0.828894138 2.693063498
C 0.019783732 1.317929149 -0.300968349
