19

H -1.198900819 0.647121489 1.073482037
C -0.211570516 1.825471163 -0.429889888
O 1.180346847 0.409000903 2.084152222
O 3.096583366 -1.599330664 2.196153164
O 0.986606300 -0.757979929 -1.056093812
H -2.798211813 0.846336782 -0.829630613
H -0.977162898 2.608515739 -0.476608962
H 0.232037857 1.719056845 -1.416634321
C -2.014556170 0.076921001 -0.828582168
H 0.394938886 -1.042108059 -1.776225567
C -0.834114254 0.508536816 0.054796677
H 0.571414769 2.159066439 0.261591971
C 2.299541473 -1.558137417 1.298082829
H -2.453194618 -0.857789099 -0.481040984
C 0.204090297 -0.621416092 0.121002674
H -1.702110887 -0.065904319 -1.866805911
C 1.219095469 -0.456870168 1.255751848
H -0.297950715 -1.567875862 0.348146409
H 2.303116798 -2.272615433 0.468352079
