21

O 1.765096307 1.469831228 -0.146458343
H -1.427036881 0.803091228 1.812199354
H -1.842546344 2.380257368 -0.826464713
H 2.507950783 1.856036544 0.315717757
H -2.934756517 0.709031343 0.793825030
H 0.339507222 -3.025762558 -1.299829960
H -1.176766872 -2.007768869 0.242113069
H 0.822928727 0.817611992 1.584496379
C -0.110075437 -1.758848071 0.332149923
H 1.998079538 -0.330237985 0.903257668
H -0.399691999 2.420772076 0.263844013
C -1.868307114 0.887807667 0.824045658
C 0.137033299 -0.292606503 -0.143495068
C 1.231689692 0.413747877 0.655104756
C -1.236213565 1.864755511 -0.095240451
H 0.245655775 -2.017440796 1.331051946
H -0.049290996 -0.857385874 -2.234660387
N 0.734091759 -2.255112648 -0.765462816
C 0.695782363 -0.935314417 -1.433154464
N -1.101149321 0.441936880 -0.321378261
H 1.668019176 -0.584401906 -1.791660666
