21

C -0.274922580 -0.732972980 2.362538338
H 1.004799247 -0.002934151 -3.093106508
H -1.008152127 1.530149221 -1.926669121
C 1.447776318 -0.499516785 -2.218905687
H 2.468499899 -0.129405707 -2.132430553
O -0.206164375 1.993075967 -1.678512096
H -0.413594484 -1.803481102 2.520746231
C 0.057119749 -1.006760359 -0.136447102
C 0.663241684 -0.170315728 -0.990401268
O -2.112699986 -0.560678303 0.814976752
C -0.712971330 -0.319670349 0.958056629
H -2.264162064 -1.491723776 0.914739609
C 0.389583707 1.266624212 -0.626030147
H 0.011733633 1.680160642 1.504305720
H -1.414268970 1.663740277 0.487109482
C -0.458103687 1.172768235 0.655148268
H 1.474838734 -1.564856529 -2.401680946
H 1.325754046 1.806290865 -0.450204968
H 0.094629101 -2.088618994 -0.206329942
H -0.857406557 -0.209221885 3.122505426
H 0.784470499 -0.532652915 2.520591974
