16

H -1.831142187 1.661129832 1.838459373
O 1.655073881 0.180731669 0.965243578
H 0.852880836 -2.712593794 -0.012829419
H 2.293898106 -2.225038290 0.818891525
H -1.102762938 0.669742763 -1.933917761
O -1.268838167 0.111692727 0.683779776
H -0.811993778 -1.392684221 -0.519090176
C -1.108556032 1.476440668 1.036466241
H -0.107145429 1.693747282 1.396358252
H 0.417581916 -0.178696781 -2.235976458
C -0.350278318 -0.431035578 -0.240112722
N 1.429198265 -1.989476204 0.365639448
H 0.423122972 1.301510215 -1.285726190
H -1.354649067 2.128135443 0.199948728
C 1.006427050 -0.699190438 0.426473081
C -0.142817020 0.405584395 -1.503607392
