19

H 2.507978916 1.789536953 0.299709469
H 0.054175422 -2.151496887 0.371286035
C -0.093961515 -2.345135450 -2.778023243
C 0.863780856 -0.238959625 -0.116212793
H 1.836912751 -0.369391829 -0.580490291
H 1.159011722 2.919301033 0.487087399
C 1.573354483 1.957256079 0.826610148
C -0.146326467 -1.344660640 -0.326780975
C -0.102973379 -1.899636984 -1.669146657
O -1.562235594 -0.140470862 1.243154764
H -0.074490868 -2.771762609 -3.747912169
H -1.866232872 -0.101386309 -0.804233789
H -1.282105803 1.857353926 0.740593076
C 0.586593330 0.843873978 0.598801196
C -1.563236952 -0.797726572 -0.014353232
H -2.284293652 -1.597189903 0.047586024
H 1.799577475 2.066395998 1.889919996
C -0.759562969 1.017657399 1.239250183
H -0.645964682 1.306442142 2.293154955
