23

C -0.465296268 -0.784538805 -2.660686970
H 1.139295697 0.440744430 -0.754542470
H -1.228691578 -0.022241713 -2.816073179
C -0.071385890 0.824578762 1.939476609
H -0.784922242 -1.668477058 -3.223630667
C 0.201527968 0.076114073 -0.352114648
H 0.313191146 1.042621613 2.932476044
C 1.578931451 -1.162634611 1.507808089
H -0.705362618 1.942326307 -1.121111155
H 1.471098900 -2.151211262 1.068845987
H 2.530288219 -0.759825468 1.174360514
C -0.816143095 1.251913786 -0.293302566
H 0.450141519 -1.929283977 -1.087821245
H 0.463761806 -0.439460546 -3.114857197
H -1.528617501 2.372585773 1.460133076
H -1.825210214 0.850008368 -0.360043406
C -0.619156301 1.928441525 1.075377345
C 0.447880477 -0.260583282 1.118619323
C -0.278600127 -1.113307714 -1.183632255
H 0.124406606 2.722767830 1.022970676
H -1.217450023 -1.483358741 -0.756473720
H 1.611770153 -1.269890666 2.593171358
O -0.791458547 -0.407288432 1.831050396
