17

O 1.596863508 0.559911728 0.486302048
C -0.340337515 -0.695658267 -0.230589911
N -1.375734568 4.814107418 0.455102772
C -0.214695960 -3.145765781 -0.544447720
H 0.879152775 -2.081165791 0.883755684
H 0.739205718 2.764162779 1.544591427
H -0.706255019 -0.540770710 -1.248287082
O -0.354516834 1.639005303 0.166736260
H -1.375157714 -4.980652332 -1.182961106
C 0.328737825 2.844151974 0.539636314
H 1.154422164 3.041363239 -0.148503706
H 1.411304355 -1.838461161 -0.763585687
C -0.636939168 3.927367687 0.485315502
C 0.445932597 0.527599037 0.180255160
H -1.227629304 -0.766525328 0.395537227
C 0.520847261 -1.961642623 -0.137983918
C -0.845200241 -4.107026577 -0.880873322
