21

C 2.239306450 -0.996966064 0.447272539
N 0.047288746 -0.296282649 -0.405628145
C 0.101322480 -1.988001466 1.381131291
C -0.038753740 0.070185333 -1.711718917
H 2.263429403 -0.232128501 1.212083936
H -1.084625244 1.785636067 -2.628846169
H 0.061448909 -1.260120869 2.190919876
H -1.368478298 3.219436407 0.839417160
N -0.617347836 0.556537330 0.406612426
H -2.816849232 2.240535736 0.675983131
H 0.438650131 -0.503049850 -2.477549791
H 0.807968020 -2.165690660 -0.634967148
C 0.795832932 -1.414052248 0.155986175
C -0.786682546 1.218108177 -1.742141366
C -1.118185997 1.490362406 -0.407474548
H -2.287581682 3.270099401 -0.670041025
H -0.905938089 -2.295511723 1.159608960
H 0.663179696 -2.870530844 1.745705485
H 2.822601795 -1.852836847 0.779321551
H 2.719041348 -0.589697301 -0.450911820
C -1.935627460 2.613967419 0.135235950
