18

C 0.424720794 0.150897130 -0.701548874
O 1.629108548 0.655122340 2.510607481
H 1.664898634 1.909990191 -0.570174992
C 0.654970109 1.648280382 -0.824480891
C -1.122509480 -1.613563895 -0.172360569
C -1.702662945 -0.303047419 0.302581996
C 0.366440326 -0.399120748 0.771773100
H 2.400440931 -0.868007600 1.420111060
O 0.067883201 -1.762955785 0.570893466
H 1.183674097 -0.402272910 -1.253803015
H -1.439204454 -0.224658817 -1.990287066
O -0.808253765 0.168801323 1.277519107
H 0.473729283 1.963720441 -1.852452993
H -0.017610462 2.200827599 -0.170041651
C 1.562567234 -0.178957105 1.655572295
H -2.743500233 -0.074493669 0.462250233
H -1.629801154 -2.511874199 -0.420989692
C -0.964890659 -0.358687073 -1.015168548
