16

H 0.768373013 2.206087351 -0.372860372
C 0.369174242 -0.269901276 -1.409835219
H -0.696854234 -1.676036596 0.905425191
O -0.623810053 2.159293890 1.089806676
C 1.609073997 -0.364441395 0.225962088
H 1.708654404 -1.317902565 0.768565059
H -0.959162235 -0.236767232 1.885699987
O 1.760251760 -0.514483333 -1.193554282
C -2.263705015 -0.454494596 0.283937335
H 0.205219358 0.517142296 -2.159441948
C 0.070051864 1.619991064 0.281557232
C -0.934138656 -0.626114011 0.860996485
C 0.151011080 0.125495538 0.081683025
H 2.325640678 0.353062630 0.645352781
H -0.175937608 -1.170899153 -1.702929735
N -3.313842297 -0.350032747 -0.190364167
