18

C -0.325439692 0.355949432 -0.880512655
H 1.697199941 0.740528166 1.229136825
H 1.418085098 -1.450111270 -2.231249094
C -0.844996154 0.210250452 1.401075363
H 1.806821346 1.201016426 -1.146604061
H -0.511480153 0.819420695 2.236702204
C -0.173734620 -1.118555307 -0.463699073
C 0.824502110 -0.793289602 -1.618132830
C -1.217719436 1.061304808 0.105937675
H 0.461795181 -1.575950027 1.657477140
C 1.232487440 0.388793617 -0.733685672
H -0.995083809 2.110277414 0.229202062
N 1.546842098 -0.054647371 0.618376970
H -1.006031752 -1.774882555 -0.648078561
C 0.294362009 -0.776996374 0.948598444
H -2.280927658 0.970844209 -0.136893660
O -0.206254438 0.036128171 -2.300892353
H -1.720427513 -0.350080937 1.733241439
