21

H -0.821674109 2.299160719 -2.489868164
H 0.968714416 1.671815157 -0.887733340
C 0.598174512 -1.034324408 -0.485603601
H 0.871594727 -1.145345211 2.651125908
H -0.103849038 -1.716982484 -0.970504582
H -0.593930960 0.558210671 -2.565090895
O 1.837366819 -2.830296993 0.633525848
C 1.413487196 -0.735850394 1.792742372
H 1.319622636 -0.711749792 -1.240498066
H -0.414924234 2.257915258 -0.008109937
C -0.064359866 1.440400362 -0.641711593
H -1.954078674 1.231924415 -1.707179070
C -1.431410074 -0.179299146 0.773930490
H -1.381769538 -1.071492195 1.421235800
H -2.142892361 -0.394544899 -0.016515275
C -0.903330147 1.372570276 -1.917237163
H -1.803956985 0.644224942 1.373893857
H 2.454252243 -0.545315921 2.122079134
C 1.360902071 -1.729157209 0.643393993
O 0.845283866 0.455988467 1.303162932
C -0.053222921 0.162148342 0.214960650
