13

H -1.570339203 -0.225616977 1.391146183
H -1.043537259 -1.420078039 -1.249895930
O 2.278225183 -1.172769904 1.402547836
C 0.221926346 0.510136604 -0.949301362
O 0.627074659 -1.715210080 -0.028661130
H 0.869596839 0.748132229 -1.780703068
H 0.931360960 1.321200371 1.128322363
C -1.090441346 1.141244054 -0.486726999
O -1.814922333 2.040218115 -0.770026326
C 1.327489972 -0.860024929 0.768029809
C 0.593431592 0.454994321 0.589286089
C -0.936363459 0.052711554 0.563371360
C -0.393501788 -0.874937177 -0.577388585
