17

C 1.714995980 -0.409643203 0.119198106
H -2.413262367 -1.457938671 -0.304161072
O -1.592957735 0.436496317 -0.221789613
H 0.145336032 -2.143432856 0.743942976
H -3.293287277 -0.133063063 -1.122376561
H -1.814708829 -0.825562775 -1.861297607
C 0.419161350 -1.113397002 0.590996265
H -0.314886749 0.289235830 2.345137835
H 2.684686899 -0.834735155 -0.126271427
N 1.666393876 0.621693671 1.276530743
C -0.295750558 0.110989928 0.032577220
H 0.942209780 0.741670012 -1.815049410
C 1.477164149 1.683605075 0.243778184
C -2.301891088 -0.551074684 -0.915930033
C 0.944278359 0.652000904 -0.728073418
O 1.745708466 2.834956884 0.284931898
C 0.286809146 0.098199077 1.457856417
