21

H -0.045778159 2.946827888 -1.897465110
H -0.030056156 -0.851172805 -1.452408552
H -1.897016883 -0.877211034 0.157659397
H 1.680982351 0.238895699 0.837255716
H 2.179670811 0.060421415 -0.837526679
H -1.467774749 1.054214478 -1.267533660
C -0.586711407 -2.475503206 0.509529531
C -0.858607590 -1.031409502 0.494154245
H -1.225632787 2.891489267 0.353833824
H 0.224999711 2.077986002 1.079311371
H 1.808885932 -1.353408694 0.127721682
H 1.404228449 2.177340508 -1.132171154
C 1.522808671 -0.321455926 -0.071208291
O -0.700882375 -0.434901446 1.760352492
C -0.379722655 -3.644828796 0.543923080
H -0.948909402 -1.092380881 2.420255899
C -0.367075145 2.240700722 0.196100056
C 0.061863773 -0.289618760 -0.509296298
C 0.324226707 2.276527643 -1.133250356
C -0.514988363 1.094745874 -0.756444812
H -0.184510708 -4.687257767 0.577207506
