21

H -0.210743532 0.654711127 -1.898928881
C 1.401264668 0.310376137 0.683265984
H -1.642249346 -2.135758400 1.503393412
C -1.429191589 0.774224222 -0.134532616
H 1.776504874 -1.820687056 0.753255248
C -0.235150233 -1.598825574 0.112900481
H -0.565979898 2.281548262 -1.407063603
H 2.447431087 0.420975477 0.980599165
H 1.618245006 -1.171468258 -0.872951090
H -1.381044865 1.226481915 0.853020966
H 1.847039819 1.457149148 -1.081859708
C -1.444224358 -0.744179904 0.017301882
H -2.267300606 -1.215937734 -0.510408401
H -2.386397839 1.073662043 -0.567458808
H 0.799547791 0.416973293 1.589841366
N -1.074167609 -1.334872127 1.299593806
H 1.116006970 2.373519421 0.206400737
H -0.331723601 -2.569479465 -0.330194116
C 1.065161347 1.415879369 -0.323970377
C 1.199883819 -1.115475655 0.146870852
C -0.302911788 1.301182985 -1.019076109
