17

O 0.574970126 -1.983375072 0.837213218
N -2.793957710 -2.242413044 0.930351257
C -0.463180929 -1.045042276 0.862676263
H 1.797490954 1.121560335 -2.554637432
H -0.115062572 2.097355843 1.177287340
C -0.255582392 0.018171266 1.935360074
H 1.195267916 2.161142349 -1.263286948
N 0.745362878 0.061848886 -1.095385671
H -0.213935167 -0.059640639 2.992044210
H 1.594747782 -0.203596145 -0.614566445
C -1.767367721 -1.713036060 0.920860052
H -1.270246267 0.336345673 -0.720867693
C 0.964438736 1.281181812 -1.875138164
C -0.343044519 0.160654113 -0.175218076
H 0.087493747 1.504571795 -2.472054958
C -0.193714440 1.035949945 1.059769511
H 0.456320018 -2.531678915 0.055593502
