18

O -0.691146970 1.774474263 -0.787806928
C -1.872205138 -2.377398968 0.223827854
C 0.263960838 -0.815464258 0.541959047
N 1.280688763 1.350714087 1.281650543
H 0.817200601 1.155976415 -2.080393553
H 2.681936741 1.427306533 -0.395005941
C -0.689123809 -1.540108800 0.383887202
H -1.654804945 -3.230265617 -0.417607903
H 0.928259492 2.782728910 -1.400529504
C 1.647134304 1.248725057 -0.121168680
H -0.917287767 0.913703203 -0.440302968
C 1.430512667 0.001615252 0.687650859
C 0.649815261 1.748872876 -1.166500568
H 2.098239422 1.542614102 1.861582160
H -2.182065725 -2.786567926 1.193548203
O -2.935285807 -1.706166506 -0.430787742
H -3.171276093 -0.941030979 0.094514400
H 2.315448523 -0.549728334 0.971484005
