25

H -1.266442537 -1.406916618 -0.742891073
H 2.128507853 -1.409111738 1.260253668
O 0.812090278 -1.990698934 -2.110697508
H 2.089172125 0.363616288 -1.069831729
C 0.833252192 -1.360604286 -1.084005475
C 2.082625151 -0.619901061 -0.601114035
C -0.379770309 0.110544115 0.583816111
H 2.985240459 -1.144469738 -0.944866359
H -1.540900946 1.005605340 2.188109636
H 0.452217191 1.733331800 -0.588675261
N 2.102773666 -0.498897761 0.835092306
C -1.555357218 0.121672846 1.568010211
H -0.655554771 0.404635608 -2.384524107
H -2.506140232 0.106065959 1.049029112
C -1.234505296 1.075665832 -1.731914401
H -0.300264895 -2.044841528 0.581759870
H 0.808306694 -0.106047474 2.413811684
H 1.230485201 1.302578807 1.445025086
H -1.521070242 -0.754558623 2.219371557
C -0.357152492 -1.232065916 -0.160009399
H -2.218230247 0.640075982 -1.603576064
C 0.955976784 0.254005402 1.382112384
H -1.344505429 2.021745682 -2.271413088
C -0.529296160 1.317512631 -0.387632936
H -1.071456075 2.111056805 0.154759482
