20

H 1.629758120 -0.453638792 1.776193857
C -0.655513942 1.072948813 0.785147429
C 1.473039627 0.608462453 -2.661814213
O 0.946146190 -0.999827683 2.186466694
H -0.597712755 -2.131701231 1.694511175
C 0.984027326 -0.032128874 -1.740692019
C 0.086199515 -1.456724882 1.197292447
H -1.466145277 3.009499073 0.212421715
H -1.163883567 1.072183371 1.752996564
H -2.427356958 1.652215719 -0.346334159
C 0.430620015 -0.727769852 -0.757343650
H 0.347078234 1.462106824 0.959939063
C 0.789205849 -2.018442154 -0.060199548
H 1.848090887 -2.250393867 0.017741919
C -0.568936467 -0.368669540 0.289196193
H -0.913379133 2.040741920 -1.157639503
H 1.961881399 1.103027821 -3.463809013
C -1.408291936 1.997923732 -0.167752162
H 0.270870507 -2.880346537 -0.505955815
H -1.565697551 -0.699466646 -0.010367127
