13

C -0.923235118 -0.906480253 1.068546057
H -1.813043952 -1.208968401 1.582682014
C 1.432931185 -0.031478614 -1.521353483
H -2.073750973 -0.320383370 -0.823325813
N 2.340404272 0.720806539 -0.791933894
N 0.505647063 0.851375461 0.192790911
N 1.779879689 1.260511637 0.261106849
H 1.729970932 -0.535182297 -2.415699959
H -0.050833814 -1.528465629 1.265623093
C -1.121351957 -0.289765984 -0.296407163
C 0.237472758 0.055412225 -0.853997648
C -0.754239976 0.591892004 0.903256595
H -1.289849877 1.340726733 1.428712487
