23

H 0.587259531 0.798178256 -2.308597803
H -0.233849138 -1.062002182 1.663078308
H -0.569732726 -3.062435865 0.035125129
C 0.379316151 -2.533411741 -0.143223464
H 0.906549454 2.079386234 3.013685465
H -1.222583532 -0.014787091 0.670687616
H -0.465910345 2.443916559 0.252595842
C -0.201659516 -0.380090654 0.808859348
H 1.018690348 -2.714990854 0.718971193
H 1.278760672 2.841210842 0.625814497
H 0.845574558 -3.019144058 -1.000639081
C 0.411400825 2.215659142 0.848129451
H -0.230554953 -1.588314891 -2.334515095
C 0.210202992 1.758773208 2.264612913
H 1.727330565 0.496984690 1.273923516
H -1.636945248 -1.114033103 -1.396761060
C -0.469373703 0.527885616 -2.169338226
H -0.918712854 1.289632082 -1.528823137
C 0.689037323 0.775323331 1.204475760
H -0.805195332 1.676161766 2.610420704
N 0.239654422 -1.115412951 -0.390748531
C -0.575963795 -0.872988760 -1.574886680
H -0.963295877 0.574501276 -3.142846823
