17

C 1.173319459 0.406801701 2.837426424
C 0.165712342 0.375576556 0.388524324
H -0.791033447 -2.882278681 -0.540386319
H -1.352276444 1.641835213 0.979931176
H 1.572579145 0.418938756 3.807137489
C 0.276099503 -0.951781213 -0.313760728
O 0.361157089 1.683673382 -1.757549524
C 0.701621532 0.385095954 1.724983454
N -0.324016571 -1.028036237 -1.651290059
H -1.878765464 -1.433153152 -0.230275348
H 0.216614738 -1.609078884 -2.259955168
N -1.071580172 1.133835077 0.135164872
C 0.183146238 1.657356501 -0.395785779
H 1.226201415 -1.451326013 -0.179123282
C -0.913446248 -1.807091236 -0.549413979
H -0.179926857 0.947273016 -2.084838867
H 0.634593606 2.512358904 0.089211375
