15

H -0.252772272 1.381672859 -2.900550604
O -0.547686934 -1.094221354 2.413100958
O -2.382126331 1.021573782 -1.702818036
H -0.305636495 -1.472431302 3.274332285
C 1.114914894 0.628512919 -1.553717732
C 0.614777148 -0.853121161 1.675505757
H 1.932697892 0.882209659 -2.231333256
C 0.267193615 -0.191453561 0.363449425
H 1.317606449 -0.192198068 2.207941055
N 1.365988970 0.074321285 -0.425845325
C -1.013996482 0.086381152 0.012567747
H 1.168132901 -1.771086216 1.449104786
H -1.843883276 -0.160023168 0.670884907
C -1.307785749 0.709908247 -1.251398802
N -0.127423897 0.949955285 -2.001223087
