18

H 1.249900103 -1.109620810 -3.628078461
N 0.304401040 0.507742643 -1.030560374
C -0.237283617 0.018660951 0.058163222
N -0.149338931 -1.332470536 0.093564577
O -1.604199290 -0.066794604 2.031814098
H -0.465284616 -1.908562183 0.839335144
C 0.119583942 1.586317420 2.002985001
C 0.747604430 -0.567068219 -1.742437482
H 0.670026064 -2.766220093 -1.298467278
H -0.400870979 2.175830841 2.757941008
H 0.686871946 2.251353264 1.370734811
H 0.802139580 0.906279087 2.498049736
N 1.435191512 -0.376055539 -2.953014851
C -0.889524162 0.795776546 1.172162175
H 1.196381211 0.509433210 -3.364223719
H -2.370991468 -0.401883870 1.558166742
C 0.479476213 -1.741561770 -1.073425055
H -1.574082851 1.518844247 0.707291305
