17

C -0.226194426 1.653010011 1.126184464
H 2.170622110 -1.647341847 -0.063862473
C -0.143714771 -0.038360272 -0.255921304
O 1.645262837 -0.628319561 -1.852291465
C 0.408748478 -0.984685540 -1.233211398
C -1.178978682 -0.269200385 0.855046928
H 1.767847538 -2.713736057 -1.517421842
C 0.227970958 0.182304651 1.206592560
H -1.694300771 -1.185451508 1.114949584
H -0.594782889 2.162083864 -1.153940439
H 0.102314211 2.560487270 1.620615721
C -1.628957272 1.206259847 0.740515590
H 0.981136560 -0.304979205 1.808411002
C -0.578864396 1.449257374 -0.339138120
H -0.312606364 -1.364761472 -1.947094440
H -2.586426497 1.685247183 0.898139417
C 1.640923619 -1.761814117 -1.007574201
