21

C 0.292545229 -1.388552785 0.981503367
H 0.907038689 -0.845467150 1.672957063
O -0.479210645 1.586410046 1.376378775
O -1.540942788 -1.140090227 -1.936719418
H -2.236233234 0.930601120 0.500061810
C 1.570097685 0.119019285 -1.325166345
H -0.360380799 1.003454566 -1.438103914
H 0.922020257 -2.021417141 0.365918219
H -2.153618336 -1.865367532 -0.170388997
H 0.484916955 2.712206364 -0.061426237
H 1.327727675 -0.652111530 -2.057293653
C -1.473025084 -1.204655528 -0.734569311
H 2.279358387 -0.288807184 -0.613711715
H -0.379452705 -2.035409212 1.554127812
C 0.531842649 1.719726682 0.386359602
H -1.687776446 0.066465810 1.970203519
H 1.507003188 1.614095330 0.865169942
C 0.301413059 0.626100063 -0.655806482
H 2.075269461 0.938429415 -1.851311207
C -0.538705587 -0.411803842 0.130747974
C -1.349887013 0.537174284 1.041069150
