18

H -2.295061827 -0.017182134 -1.641982198
H 2.271373272 0.301585585 -1.354438543
C 0.812356770 -1.509058952 1.385692835
H 0.668673694 2.246901989 -0.762387216
O 0.727835655 -0.145404264 -2.568443775
C -1.101051688 0.954115033 -0.538264513
O -2.001897812 -1.070301294 0.399998695
H -0.207667962 0.152840450 2.309952259
H 0.146295354 -2.258922338 1.826927900
C 0.075736187 -0.165881649 1.311606169
H 1.699855447 -1.406179428 2.007890940
O 0.881349087 0.863660634 0.727386475
H 1.104834199 -1.841905713 0.385830194
H -1.518370390 1.804951072 0.016613714
C 0.421114683 1.194141388 -0.584983110
C -1.147559643 -0.238422424 0.419801801
O -1.732656360 0.764070511 -1.736857891
C 1.194841266 0.370991051 -1.604343772
