15

C 1.592225909 -0.554330349 -0.387857556
O -0.000498698 -1.121074796 1.198724508
C -0.409445584 0.866515040 -0.177194074
H -0.155510068 1.289236546 -1.156848192
C 0.061588652 1.743309736 0.878681242
H -0.401975065 -1.109076977 -2.140980959
H -1.508457184 0.808750808 -0.155165479
C -0.559659302 -1.475779176 -1.124470711
C 0.448546201 2.464719296 1.764362931
N 2.714476109 -0.547230124 -0.682967782
H 0.800916135 3.102386951 2.542200089
H -1.643476486 -1.470493913 -0.929435194
H -0.194973588 -2.491650820 -1.043939352
C 0.137568146 -0.575109601 -0.099363565
H -0.881325424 -0.930172503 1.514253974
