15

H -1.526638031 2.559379578 0.160448655
C 0.415405244 1.482133389 0.483195484
H -1.546382308 -0.934229255 -0.765964985
H 1.302935719 1.239860296 -0.106210358
O 1.561640859 -1.362444878 0.250528485
H 0.619241655 1.880436063 1.454857230
C -0.817299545 1.867394567 -0.264367759
H 2.030776024 -2.081705332 0.668547451
H -0.225024596 -1.857230783 1.193509459
C -0.555434346 -0.583642721 -0.500360668
C 0.191865593 -1.714043379 0.190844923
H -0.034300223 -0.334276736 -1.424446702
N -0.704809487 0.567034006 0.386647105
H -0.744676530 1.911195278 -1.348654389
H 0.032700427 -2.639859438 -0.378573865
