20

H -1.501115084 -1.391592145 0.617013991
H 0.794871211 -1.032532096 2.214504242
H -1.022816300 0.504441381 2.529094219
H 0.007879965 1.836789966 2.036286354
C -0.999158144 -0.660857260 -0.006086673
H 0.894627571 1.716249466 -0.650288820
H 0.114215977 0.210873857 -2.874900103
C -1.016888618 0.836386263 0.359639674
H 1.176419497 -2.049532413 -1.401015639
N -1.140101314 -0.845794559 -1.457246304
C 0.579394639 -0.448824227 0.106926166
C 0.076781981 -0.103761710 -1.832266569
C 0.863057256 -0.164129451 1.554820418
C 0.200179115 0.885867178 -0.601266563
C -0.339033693 0.852900267 1.760682225
H 2.181865454 -0.566565454 -1.352441430
H 1.836501122 0.307913214 1.712869406
H -1.999317765 -0.377879560 -1.762178302
H -1.895141482 1.470828772 0.229135811
C 1.187778711 -0.980781496 -1.183281541
