14

O 0.024876174 0.587940753 -1.673449397
C 0.256812036 0.869329274 -0.394635975
N 0.689013481 2.049763203 0.002491048
N 0.910586238 2.185052156 1.317261696
C -0.304963887 -0.826352119 -1.736474395
C 0.668842375 1.156728029 2.115701675
H 0.897766471 1.315430164 3.161101818
C -0.047093462 -0.163693398 0.496936828
H -1.119060874 -0.938178837 -2.457195044
N 0.155122265 -0.043266550 1.781711102
C -0.673394442 -1.279547095 -0.300635844
H -1.758599997 -1.299886703 -0.141730279
H 0.569783092 -1.356966734 -2.109622717
H -0.269689530 -2.256351948 -0.061460983
