17

H 1.627717853 2.605889559 1.433929443
C -0.264186531 -0.600519359 0.231218889
C -1.091962934 1.846047163 0.299501240
O 2.047030926 -1.526515841 0.841281652
C -0.296327353 -2.077284813 -1.590847731
H -0.316815168 -2.059036016 -2.674078465
C 1.223626852 -0.675124109 0.744550526
N 2.020301580 1.681331277 1.278191090
H -1.145200968 -2.653095722 -1.225522637
N -0.221314907 0.780138671 0.711742282
H 0.629766047 -2.549476385 -1.254863143
C 1.145165801 0.814044118 0.986024678
H -0.990268588 -1.229169488 0.748928428
H -2.126105785 1.510801315 0.380293816
H -0.902506709 2.156517982 -0.727245271
H -0.963780046 2.692732811 0.968531966
O -0.375140816 -0.717281759 -1.151637197
