21

H 0.186247602 1.864044785 -1.299339414
H 2.283035278 0.583655238 0.232625932
H 0.884954810 1.613830328 2.290556669
O 1.889882445 -0.189357772 0.651483238
N -1.679372907 0.053667527 -0.337972224
C -0.235296264 -0.148834616 -0.576936841
H -0.240749761 0.707394063 -2.567198515
C -0.052397002 -0.392704278 2.059412718
H 1.354353786 0.655463338 -1.831580520
C 0.298182040 0.836036563 -1.622839093
H 1.037030697 -1.826509237 -1.106210709
H -0.804070652 1.658145428 1.599206209
H -0.479550213 -1.761640787 -2.015450239
H 0.631601274 -0.840545297 2.766032219
H -1.885219336 1.040629268 -0.312341332
C 0.512020171 0.054991823 0.760225117
H -1.065660477 -0.793800354 2.041980743
C 0.091313615 1.081833601 1.767619610
H -2.206009865 -0.310758531 -1.136459708
H -0.490660697 -2.289971590 -0.330859780
C -0.029634954 -1.595569968 -1.031954765
