14

C 1.574176073 0.945251346 0.784089088
H 1.774987936 -0.910871089 0.278498441
C 0.082080394 0.801241398 1.104879498
H -0.320723563 1.751079798 1.436655402
H 2.018292189 1.545735121 1.584047318
C -1.732032299 -0.969190180 -1.523978710
C -0.769353211 -0.778642535 -0.456490636
C -2.514590979 -1.138593316 -2.414538145
O -0.698746622 0.480256379 -0.066808373
O -0.087914847 -1.684331656 0.014700237
H -0.061526611 0.025189254 1.858005643
H 1.669790506 1.508181930 -0.150635093
H -3.221193075 -1.310240746 -3.203990459
O 2.286753654 -0.265065581 0.755565882
