17

H -0.629483879 2.615701675 -0.539110482
H -2.083421707 -0.888626218 0.006713064
C -0.473748803 1.602888703 -0.194270402
H -1.226239920 -2.436817646 0.107211232
C 0.002737440 -0.807053626 -0.705044746
O 1.026502728 -0.282756120 2.715581179
C 0.938818574 1.114683032 -0.336433709
H -1.089320421 1.330987692 0.653371751
H 1.759136677 1.795925021 -0.524164677
H 0.354152262 -1.537929416 -1.435586691
H 2.083973169 -0.722223997 0.182823330
C -0.148105547 0.614567876 -1.273612142
C 0.515376270 -0.527932405 1.657646298
H -0.299472928 0.838620305 -2.323192358
O -0.721757770 -1.069653273 1.549838185
C 1.097800016 -0.290858924 0.265387326
C -1.106945753 -1.349522591 0.192843109
