14

C 0.669870019 -1.500942230 -0.265326858
H 1.311973572 -2.027627468 0.465847760
N 0.969375193 1.044593215 -3.045219898
H 0.611119092 0.455074400 3.821684599
H -2.088156462 0.530954242 0.215227798
C 0.212280348 0.028364990 1.633305430
C -1.319549084 0.116467066 -0.411189228
C 0.424180329 0.261565864 2.807209492
C -0.008085299 -0.270083308 0.255773306
C 0.488387764 0.957810402 -2.004179001
H -1.636057496 -0.562208652 -1.199921489
C -0.125394985 0.960843801 -0.703373015
O 0.532601118 -1.898534894 -1.387638211
H -0.042544365 1.903722525 -0.182200924
