17

N -1.930500746 -0.240066558 1.179070592
O 0.055913035 1.118100643 0.461978406
H 0.411500365 0.767967582 -1.539851665
H 2.880007982 0.396010935 -1.120785356
C 0.819291592 0.479440600 -0.549179852
O -0.616169572 -1.832237005 2.372156382
H -0.696301877 -2.371140242 -0.542008758
H 2.607171059 0.653576016 0.603824973
H -2.512104988 -0.472988069 -1.035613537
O 0.731994689 -0.925215840 -0.447624087
C -1.685355663 -0.370692939 -0.358939379
C -1.304160595 0.830976546 0.354788482
H -1.920261741 1.705318809 0.318805814
C 2.264545679 0.909351230 -0.401857138
C -0.910598218 -1.257061839 1.385137677
H 2.355459452 1.978334904 -0.552181065
C -0.550430000 -1.369675159 -0.127721250
