19

H 1.175075650 1.120257735 3.375966311
O 1.483242393 2.459319592 1.761902690
C -0.121568598 -0.129975811 -0.480468154
H 0.920768380 1.680243134 -0.890915155
H -2.193668365 -0.118371062 -1.080879688
H 2.089485645 0.546174288 1.091898918
H -1.102583766 0.275450915 -2.400137186
C -1.216984510 -0.339545518 -1.515954018
N -1.104233503 -1.774955869 -1.821651578
C 1.214734435 1.197949171 1.160695553
H -0.508566380 1.881502748 0.108209789
H -0.532172740 -1.873553634 -2.648560524
H 0.301918030 -3.120088577 -0.982727528
C 0.348686546 1.220093727 -0.066824049
C 0.704505742 1.521077633 2.488172770
N 0.348278344 -1.224144936 -0.045426261
H -0.340801775 1.775800109 2.599800348
C -0.378699005 -2.330442429 -0.682682335
H -1.087416172 -2.766791582 0.029579261
