22

C -0.770771623 -1.449561238 0.207417041
H 2.635122776 0.381477147 -0.218212962
H -1.807998657 -1.746145368 0.056192938
H -1.449742794 0.380920947 1.057644367
H -1.459830880 1.757248282 -0.909282625
H -0.238404855 -1.751904726 -0.681265235
H 2.127958059 2.462991476 -0.442796201
C -0.198171228 -2.190305710 1.422877073
H 0.885144055 -2.137245417 1.453540921
C -1.326466441 0.681474328 -1.015743256
H -0.592207193 -1.799557447 2.356411219
H 0.667450905 2.197375298 -1.570256829
H 1.056107402 0.038972873 1.496011376
C -0.740099072 0.086128697 0.289232254
N 1.590741038 1.892125726 -1.265662670
H 0.311533153 0.300873488 -2.051878691
H -2.323478460 0.270843595 -1.155778885
H -0.456256777 -3.242050886 1.379602194
C 0.611999929 0.703636169 0.766706169
H 0.392085046 1.657083154 1.262856960
C 1.705519915 1.094966888 -0.227677047
O -0.620234191 0.410652190 -2.209937572
