13

O 1.654441357 1.367425680 -1.868605614
C 1.040165782 0.958839357 -0.930354178
H -1.947355866 -1.440747142 0.624856353
C -0.957724273 -0.965642273 -1.229471922
N -0.047691911 0.121102095 -0.810867190
C -0.307163686 -0.159255862 0.510568261
N -1.043997884 -1.340545774 0.208739430
O 0.709704757 0.666188717 2.585937738
O 1.324466228 1.296427608 0.403953820
H 1.460334539 1.227655411 2.763301849
H -0.524825513 -1.699679613 -1.886312366
H -1.897509575 -0.588027179 -1.646004558
C 0.537155688 0.556259215 1.274258256
