19

C 0.810404360 -0.723271132 -0.319072455
H 1.593874812 -2.561091661 -1.896755576
H -1.413308144 0.553420305 3.811170816
H -0.124670774 1.749359250 3.726477623
H -0.745679379 -1.312216759 -1.634343982
C -1.451839924 1.763325691 2.004917145
H -2.513823271 1.615961432 1.798460364
H -1.779413819 2.255842686 4.089960098
H 2.246259212 -2.426215887 -4.068467140
C -0.677868128 0.881470799 1.159180880
H -1.244917274 2.800908566 1.718326926
C 0.295772374 -0.948423266 -1.732385397
H 0.240415290 -0.002067237 -2.273695230
N 1.134850860 -1.877358794 -2.451686382
O 1.364835024 -0.609289110 -4.311223507
C 1.604143739 -1.608700514 -3.690816402
C -1.173318028 1.568546295 3.501489401
C 0.012523076 0.146609545 0.490075916
O 1.821760058 -1.266810179 0.078387611
