21

H 0.012599507 3.015263081 1.091206074
H 0.825036943 -0.778540492 -2.715708017
O -1.242821336 -2.147098303 -0.874612272
N 0.084193140 -0.593880534 0.043163858
H -1.421261668 -3.226100206 1.413673759
H -1.691740751 -1.589101791 2.054389715
N 0.658972025 1.399323106 -0.033151813
H 2.165640831 -0.237478718 -1.683524728
C -0.989700973 -2.224782467 1.505395532
H -0.777649343 0.646065652 -1.464859962
H -0.067625694 -2.267579556 2.080202579
H -1.331768990 1.982559800 0.555402875
C 0.195770025 0.388229102 -1.030092597
H 1.367222548 0.920700550 -2.764367342
H 1.737766266 0.051495571 1.264423370
C -0.347572446 2.401528597 0.263583958
C 1.205410123 0.056697994 -2.113336802
C 0.723116517 0.318470508 0.991979957
C -0.740733743 -1.667873859 0.124502942
H 0.127696410 0.506514966 1.896987319
H -0.492549241 3.045586586 -0.605258882
