19

C 0.221831888 -0.498847097 0.026442591
H -1.001118541 2.624243975 -0.104772411
H 1.101446033 -1.413836479 -1.733345628
H 1.188315511 2.111686945 0.847361028
C -0.620101690 -1.704561830 0.426461965
H 2.065542698 -1.583828807 -0.253545433
H -0.021628873 -2.418121099 0.983399630
C 0.358034462 1.513504505 1.247938275
H -0.800590217 -0.256892800 -2.359226465
C -0.626695693 0.568075299 -0.663546503
H -1.778097510 1.401994824 0.911142766
N -1.043174386 0.609725177 -1.862761140
O 0.694773912 0.132783860 1.220412135
H 0.178470895 1.810979843 2.277987480
C -0.882453859 1.641864777 0.353343159
H -1.463083029 -1.398411989 1.050247550
C 1.428115368 -0.905581355 -0.817610443
H 2.013831139 -0.027070990 -1.089758635
H -1.013418317 -2.207706690 -0.460169643
