18

C 1.382661700 -0.068329580 0.775318325
C -1.847855926 -0.486513287 -0.004152719
H 1.823734403 -0.924101412 1.292149186
C 1.804497957 -0.036554709 -0.752289712
H 0.532105684 -0.139642820 -2.663690090
H 2.536320448 -0.810276806 -0.988765240
C -1.361058593 0.789665043 0.793114066
H -1.822791338 0.875506818 1.774249554
H -2.817222118 -0.762280583 -0.359631419
C -0.134685740 -0.193562925 0.701997340
C -0.487955689 -0.381449789 -0.734331250
H 2.300941229 0.915625334 -0.995029628
H -0.821463704 -2.158935070 0.717063069
H -0.841912091 1.977036119 -0.617163002
H 1.693816900 0.833714962 1.303467870
N -1.130873084 -1.279937983 1.115930080
O -1.325273275 2.040670156 0.217789367
C 0.517013371 -0.190633520 -1.576025963
