13

C 0.694953084 -0.732983172 -0.455675125
H -3.598756552 0.941876292 -0.817667365
N 0.484133363 -1.587734222 -1.485074282
H -0.480104446 -1.773950577 -1.691912174
C -2.601702929 0.735530913 -0.557413101
N 1.913262248 0.261765212 1.124210954
O 0.368261814 1.774375677 1.910513520
C 0.724683523 0.790808916 1.079316497
H 1.127506614 1.980825782 2.455219030
C -0.140245438 0.224755973 0.101871297
C -1.459783435 0.512738466 -0.245322183
O 1.873796225 -0.748065114 0.116245389
H 1.093995690 -2.379943848 -1.534312725
