17

C -0.346995682 -0.875539124 1.610287786
H -1.001616716 1.413639188 -0.773898482
H 0.093078718 1.115700841 -3.028565884
H -1.289652348 -1.370465159 1.420524478
H -0.532811224 -0.523496985 -3.084861279
C -0.707884848 0.465465814 -2.680533409
H 2.506670713 0.684861422 1.366644144
C 0.553735971 -0.254119813 0.769631147
H 1.270343781 0.402999908 -0.969128549
C 1.603724480 0.154245317 1.628665447
N 0.479713798 -0.104822740 -0.614815533
N 1.367537260 -0.169553041 2.901107788
H -1.585365534 -0.237245485 -0.849008977
C -0.770164609 0.417892635 -1.167182565
H -1.636733532 0.839231431 -3.108731031
N 0.189161137 -0.799582541 2.860455036
H -0.192741573 -1.159211397 3.719410658
