15

O 0.705132484 -0.428551197 1.689559579
C -1.056486249 0.585044384 0.609135389
H -1.003330588 1.442998171 1.279212832
H -0.731621385 -1.820330620 -0.929723322
O 0.945868850 0.735118568 -2.576762199
C -0.142895296 -1.183276772 -0.283955812
C 0.307458013 1.131584764 -1.643177629
H -2.024864435 0.522257268 0.133591250
H -0.155259222 2.142830610 -1.654496670
C -0.590323985 -0.765190959 1.183189034
O 1.255055189 -1.452776909 -0.210435033
C 1.311282992 -0.184795454 0.441512167
H 2.287321568 0.283254117 0.500358760
H -1.164070249 -1.363313675 1.871346831
C 0.056732196 0.355147511 -0.409355283
