16

H -1.335411191 -0.998140574 0.118247978
C 1.235788107 0.120607555 -0.270588338
C 0.368988574 0.070573583 -2.790547609
C -0.099314392 0.028031981 -4.061981678
H 0.131842300 1.581773400 0.949195623
C 0.776054025 0.100671306 -1.649460673
H -2.051085234 0.418520927 0.989529252
H -1.045571685 -0.184019327 3.589384794
C -1.170360804 -0.176565155 0.786762476
N -0.511924863 -0.034621682 -5.139282703
H 2.100091457 0.795446157 -0.187933013
C 0.161955476 0.531074584 0.731173694
C -0.168432549 -0.361188471 1.890098214
O -0.352012545 0.291897207 3.107254982
H 1.610306740 -0.873825848 -0.012494426
H 0.349086672 -1.310235739 1.950640917
