25

H 0.180733070 0.646792173 -2.882065535
C -0.246771619 -0.690605104 1.208990932
N -1.590915442 0.616818964 -0.309210509
H 1.548808098 1.663839817 -2.441264391
C -1.213551998 1.468201041 0.841345429
H -1.479325891 -2.145812511 -0.815929353
C 1.020145893 0.742343187 -2.192376375
H 0.475782305 1.150096178 2.161567688
H 1.438428283 0.900656462 -0.101583451
H -1.977906108 2.164909363 1.148951888
H -1.079031467 -1.349775195 1.470879197
H -0.880992591 -1.243222356 -2.199754953
H 1.929045558 -0.773946166 1.373203993
H -0.809448361 2.606909990 -1.060176730
H 0.242950022 -2.183477640 -1.212460637
C -0.574013591 1.728942990 -0.463423610
C -0.415034056 -0.355352581 -0.283350527
C 1.058650970 -1.392572165 1.593089819
H 1.081259966 -1.597634077 2.672873974
C 0.562403679 0.767044365 -0.742566526
C -0.635842443 -1.544123292 -1.187347174
H -1.043784618 0.588649988 2.814839125
C -0.459203124 0.671537876 1.892887115
H 1.170847178 -2.341890097 1.076833606
H 1.696766019 -0.098331466 -2.363953352
