19

C 1.828925729 1.568464160 -0.306706786
C -0.196341544 0.190644771 -0.591460764
C -1.513756275 -0.257262558 -0.048996937
H -0.884287775 -0.542219579 2.003638506
C -1.385339499 -1.106563687 1.196935177
H -2.137069464 0.618164361 0.176829413
H 1.015431046 -1.638797283 -1.245291591
C 2.207964182 0.080562867 -0.355771124
C 1.017318249 -0.595623076 -0.960202038
C 0.428251773 1.504839182 -0.829548419
O 3.230282545 -0.429905713 -0.007926639
H 2.485728264 2.162369490 -0.958390415
H -2.655730724 -2.018060684 2.351934910
H -0.781695068 -1.995877743 0.997436404
H -0.179851010 2.382249355 -1.031764030
H 1.922430992 1.957563996 0.713535070
N 0.324742883 0.400536060 -1.864888668
H -2.031653643 -0.824491441 -0.810222805
O -2.695349932 -1.456591964 1.570860386
