19

H -1.568991303 0.071810439 0.858353436
H 2.440416098 0.148507074 0.209890470
C 0.666935444 2.019419670 1.054788351
H -0.199990734 2.342313528 1.663273811
C 0.919966042 -1.031311393 -0.791683376
O -0.991052926 -0.647822797 -2.240355253
H -1.294440389 1.116593003 -0.556025624
C -0.593913674 -0.894003630 -0.913715184
O 1.875251055 2.100065470 1.775088549
H 1.485641360 -1.799986482 -1.308725357
N 0.411014289 0.662766039 0.616799653
H -0.929099381 -2.497814417 0.598512650
H 0.752754152 2.722087383 0.217094705
H -1.776166677 -1.207100749 -2.370664597
C -0.861710787 0.312070429 0.039167121
C -1.294817924 -2.130854368 -0.380258054
O -2.205763102 -2.647732496 -0.974437475
H 1.759165406 1.448687911 2.505376101
C 1.404802799 -0.087694161 -0.002479685
