13

C 0.686946034 -0.159395918 -1.456099868
H -2.079325676 0.562959611 -0.802159905
H -0.923471391 -1.249468088 1.457956791
O 1.884083271 0.278788328 -0.863953471
H -1.587684512 1.119716167 0.863721251
N 1.633058786 0.825718522 1.471769691
C 1.237277627 0.431866556 0.363810569
C -0.042048331 -0.059032515 -0.175834939
H 2.631841421 1.086053371 1.454590559
C -1.461559653 0.394371271 0.070646867
H -1.413962722 -1.801862836 -0.211174607
C -1.079359174 -0.978033066 0.417656928
O 0.514204562 -0.451681584 -2.590929747
