21

O -2.267607927 0.019131895 -0.325824350
C -0.046940990 0.885611176 -0.464758635
H -1.597996593 1.029422045 -2.002196550
C -0.276658922 -1.825533986 1.054585934
H -0.550954401 -1.977383852 0.006095274
H 1.241775751 -0.698763609 -1.332467198
H -0.738441706 -2.620740175 1.645897508
C -1.815866590 0.332308650 0.958177269
O 2.275754452 0.218647167 0.243476838
H -0.988583624 -0.615754008 -1.807446718
C 2.499157429 1.059470654 -0.885953069
N -0.442672580 0.813074648 0.945958495
H -0.690724134 -0.419622868 2.667770863
H 2.465266943 2.117253780 -0.679923058
H 3.313842297 0.737258673 -1.547554135
H -2.566724062 0.870750010 1.543606997
C -1.235416770 0.300339788 -1.266016245
C 1.289088607 0.238636687 -0.777499318
H 0.065334253 1.953619242 -0.681888998
C -0.739972413 -0.490387201 1.573627830
H 0.808342099 -1.927339196 1.132331967
