18

H 2.210544109 -1.277239203 0.691111088
H 0.599802017 -1.012756586 1.412829638
H -1.240586162 -0.962017357 -2.334905624
N -3.021437883 -1.298858285 0.055912621
H -3.500904322 -0.808085799 0.814012945
C -0.883772373 -0.940855384 -1.303861022
C -1.971611857 -0.716672480 -0.266915113
H -0.495341331 1.232127309 -1.459125161
C -0.327565104 0.400043786 -0.783109546
H 0.495883048 2.003791094 1.283178449
C 1.059164643 0.453029931 -0.204348579
C 1.456462502 -0.526456773 0.914507508
O -1.381101251 0.421901405 0.240675718
O 1.982755303 0.559071422 1.703977346
C 1.392803311 1.537195444 0.837459207
H 1.772881746 0.428986818 -1.026429296
H -0.253445327 -1.813894153 -1.119174123
H 2.105469227 2.320688963 0.544203758
