19

C 0.260655701 0.382916421 0.232858852
H -1.367722034 1.411491394 -0.800218403
H -0.352912128 0.111311391 2.282740593
H 0.942488074 2.074443102 -0.468183428
C 0.236064747 0.817140222 1.702913880
O 1.527624369 0.853956163 2.263657093
H 2.094671488 1.223483205 1.572884083
C 0.731355608 -1.043568254 0.032932140
H -0.656846642 -0.201433718 -2.489174604
C -1.053293467 -0.637327671 -1.568838120
C -1.127851367 0.415183187 -0.443830878
H -2.026679993 -1.069516301 -1.803558826
C -0.072184414 -1.652248502 -1.046065688
H -0.258879036 1.797032595 1.789336681
O 1.221380949 1.166852951 -0.463040203
H -1.884424448 0.119874656 0.279511303
H 0.313428342 -2.445965052 -1.667340159
O -0.278257310 -2.007731199 0.325061202
H 1.751381755 -1.315894842 0.268354833
