23

C 2.103812695 1.049678445 1.158376694
H 2.204837561 1.110542536 2.227048635
H 0.352334470 -1.571705699 1.754845738
O -1.177293301 -1.058363914 -2.780018091
C -0.645902514 1.379219055 0.907783329
H -1.529102564 -1.947313547 -2.609376669
C 0.808904052 1.373223305 0.437386692
N 0.304869324 -0.546391189 1.727294087
H 1.288125515 -0.498698801 -1.485066891
C 1.237239242 -0.071285278 0.685824513
H 3.014218330 1.313596964 0.611325443
H 1.339465618 -1.935810208 -0.445270032
H -0.949685276 0.691814125 -1.857798815
H -1.830174685 -0.450622916 1.442486286
H -2.434621572 -0.149174333 -1.390699148
H -0.804950058 1.820038795 1.895314574
H 0.970681548 1.764885068 -0.553686261
C -0.892490089 -0.157323152 0.961714029
C -0.644874156 -0.891248941 -0.412605584
C -1.351103902 -0.291855991 -1.620213270
C 0.939946532 -0.921488941 -0.539601743
H -1.009942412 -1.913038135 -0.305736989
H -1.294294119 1.901322722 0.190673590
