21

H 1.527334452 -1.982267857 1.558937907
C -1.556827664 -1.241296530 0.427853733
C 1.156328201 0.574653387 -0.980029225
H 2.193916321 -2.160817862 -0.060347136
H -1.608888745 -0.846864581 1.434483409
O 1.959280610 0.912409782 -1.792977333
H -0.440050364 -1.113997936 -1.413097858
H -1.421073079 -2.325451374 0.500646532
C -0.259582430 0.940194726 -0.499621451
C -1.211139917 1.961986065 -1.020542502
C 0.988465428 -0.408858001 0.185491472
C 1.950390935 -1.443722725 0.711002469
H -2.537830830 -1.067243814 -0.044837426
H 2.873907328 -0.973976493 1.041602969
C 0.408244848 0.838759422 0.923087358
H -2.145740986 1.981773376 -0.448542506
H -0.270639747 0.625335932 1.736019731
H 1.091828346 1.630581260 1.191457033
C -0.456069469 -0.624860585 -0.422765523
H -0.781374872 2.959261179 -0.969837785
H -1.460478067 1.764402628 -2.057984114
