20

H 1.579725266 0.045115091 0.846601367
H 2.237854719 -1.533898711 0.415915012
C -0.746050000 -1.381690264 -0.164375976
H 3.567018270 0.231017664 -0.335750222
H -2.381103039 -0.644252121 -1.791754961
H 0.872710884 -1.590162039 -1.638770103
H -0.329228491 2.382089376 1.621218801
C -0.206300706 0.230202109 -1.463901401
C 0.602493465 -0.894111216 -0.832589269
C -1.075904012 0.517677605 0.842858315
H -0.922767520 -2.456794977 -0.122881167
N -0.907504618 -0.717342198 1.123672605
N -1.266509771 0.824870408 -0.554039061
H -1.035658479 1.285417080 2.837421656
O 2.777727127 0.042795759 -0.846483767
H -2.071624041 2.204960585 1.732337236
C 1.828920007 -0.598932683 0.007574546
C -1.125054240 1.669051409 1.813301444
H 0.089404203 0.860561669 -2.293729067
C -1.488149524 -0.476574719 -1.196626663
