16

C 1.209132195 -0.293082416 0.163915962
C -0.016174190 -1.869600177 0.559006572
C -0.018885579 0.611775041 0.166663796
C 0.161355510 -0.503241181 1.209012270
O 0.922042072 -1.505963564 -0.484680772
H 2.228760958 0.061916687 0.176829338
H 0.161972895 1.085453868 -2.416308165
O -0.640647173 1.455022812 -2.019381285
N 0.402204633 2.959006071 1.205750465
C 0.209685460 1.919653535 0.737138510
H 0.392870367 -2.681401014 1.160862088
H -0.998548448 -2.130448818 0.162137032
H 0.175101623 -0.284073323 2.260357618
H -1.174902916 -0.422906339 -1.294867992
C -1.032075644 0.605114341 -0.974711657
H -1.981891394 0.992774248 -0.611723423
