23

O -0.725995660 1.224585772 1.083176970
H 0.813258529 -0.260300756 -3.340473890
C 0.430436015 0.180367827 -0.667826593
C -0.540445983 -1.187838912 1.308842778
H 1.401810169 -1.808387637 -0.761906326
C 1.386787772 -0.862406671 -1.298884988
H -1.189755321 0.619011879 -2.164296389
C 0.125371829 0.109456308 0.823859155
C -0.763136089 1.687924266 2.424520016
C -0.650404632 -0.220191851 -1.710388660
C 0.466620624 -0.899365842 -2.542288303
H 0.246331021 1.921612382 2.790643454
H -1.515516758 -1.298962831 0.875233173
H -0.646400273 -1.189207315 2.399166346
O 0.961883783 1.470587373 -0.950166404
H 0.378770232 2.093352318 -0.512112856
H -1.215415478 0.955339551 3.109462261
H -1.380800605 -0.934246063 -1.316770434
H 0.069987878 -2.051259995 1.040065289
H 1.072329640 0.255001515 1.370495200
H 2.405689240 -0.510950744 -1.445775032
H -1.359419823 2.591691494 2.445665121
H 0.228013471 -1.885812044 -2.960239887
