21

H -0.492416024 2.351318598 -1.192873478
N -2.847132206 -0.694633305 1.053111911
H -1.918972492 1.361166596 -1.538366795
C 2.197411060 -1.334587455 0.566122293
H 0.127252489 -1.710794806 1.037908912
H -0.876923323 -1.416308641 -1.270646095
C -0.839860380 0.871560037 0.297100246
H 0.828104794 -1.219112158 -1.739972830
H 0.795598745 -0.288107514 1.804834723
C 0.786753595 -0.855517745 0.883341968
H 2.861711264 -0.489408016 0.374667734
C -1.353673100 1.860958934 -0.756272078
H -1.987837195 2.581196785 -0.273749739
C -0.063110881 -0.692398906 -1.396341681
H 0.464879781 1.897009611 1.207117915
H 2.608110905 -1.886011600 1.411409855
H 2.238295317 -2.007858992 -0.301432669
H -0.348393470 0.000710619 -2.188081026
O -0.433667541 1.628446460 1.425822377
C -1.991466641 0.012192260 0.767038822
N 0.245335773 0.030178163 -0.170740142
