21

H 1.487168670 1.981406093 -0.634474695
H 0.045334063 -0.064045973 -3.018017530
H -0.619322538 1.727957606 1.244608283
C -1.678619504 -0.398249745 0.092185646
H -1.583494425 0.549444079 -2.730632782
H 1.709424973 -1.734572172 1.610418200
H -2.509268999 0.314458430 0.006324389
H -2.105810642 -1.390285730 -0.025609715
C 0.540404856 0.237209439 -0.371198982
H 1.827563286 0.856162012 -1.855070710
N 1.562801600 1.024797916 -0.907471538
H 2.636376143 -0.244309813 1.413145781
N -0.291290820 0.978335500 1.848971725
H 1.633605123 -0.482720762 2.870702028
C -0.870458722 -0.200239718 -2.428920746
C -0.911021650 -0.286924452 1.420890093
C 1.695902586 -0.642665803 1.787628174
H -1.205115318 -0.909837067 2.246348858
C -0.598481655 -0.130987376 -0.962158978
C 0.525528848 -0.002282028 1.101925850
H -1.291225910 -1.182650685 -2.709592819
