20

H 0.883499622 2.106667042 -1.403668165
C -0.077201642 -1.856664896 -1.265567183
C 1.244994044 0.679129183 0.254534483
C -1.240781426 1.630210876 1.335072160
C -0.640848160 -1.216712713 -0.026676908
C 0.270242631 -2.407368183 0.080400661
H 0.690634251 -1.329342723 -1.811104774
O -0.679068685 0.462170571 1.771499276
H -1.529070973 1.559842587 -0.884288311
C -0.190059885 0.121748216 0.405440062
H -1.685836792 -1.401444674 0.157866374
H -0.156380177 -3.352733612 0.371518046
C -0.792641819 1.460654497 -0.104956500
H 1.279915452 -2.245027065 0.440401852
H 1.863369942 0.110568911 -0.436230928
H 0.918803453 2.908615112 0.166183919
H -0.762653172 -2.403656960 -1.889845848
O -1.843961596 2.411595345 1.990779877
H 1.783801079 0.771867931 1.197086930
C 0.663244069 1.989880204 -0.348444521
