13

C 0.178949222 -1.645865202 -1.068116546
C -0.473803908 -0.559163928 -1.651133418
N 0.055733532 2.218034029 2.087252855
H -0.924315870 2.708048344 0.335296273
H 0.550750911 1.400635123 2.433267355
C -0.173787937 0.675004601 0.224119842
H -0.875247419 -0.623802245 -2.662586212
H 0.314749390 -2.588822126 -1.564837694
F 1.269256592 -2.400409222 0.848649025
C -0.368680358 1.954234600 0.918874800
C 0.636134446 -1.424690247 0.232827693
N 0.470113367 -0.307630330 0.881258786
N -0.659852028 0.594426453 -1.014872551
