16

H 2.440970659 0.723376870 1.368216038
H -1.641563058 -1.635917306 0.713608503
H -2.517439604 -0.198478803 0.230302379
O 1.309851289 0.958664894 -0.316369981
C -0.558414936 -0.386988968 -0.690468669
H 0.091306739 -1.184838653 -1.093827486
H 4.085562706 2.063244104 0.532382667
C -1.856126547 -0.981449485 -0.142672867
N 0.010463426 0.652059555 1.541372895
N -3.138008356 -2.341921091 -1.951827407
H -0.772686601 0.266499102 -1.544090748
C 2.429682970 1.223382354 0.403783828
C -2.582646370 -1.748572230 -1.142690897
C 0.216269270 0.404702008 0.323466808
H -0.822910666 0.215881124 1.872707486
N 3.305689812 1.970356345 -0.103892811
