25

H 0.140149117 1.580974460 2.069035530
C -1.441673636 -1.838981390 0.809071839
H -1.973619461 -0.533725321 -1.571294427
C -1.045535564 -1.126567364 -1.554587722
H -0.345351607 -0.619362473 -2.242324352
H 0.793707430 2.795358896 -0.637876272
H -0.852913618 0.992308140 -0.136147276
H 2.064837456 0.155983567 0.216607302
H -2.403200626 -1.297539711 0.906909883
H -1.673949242 -2.850856304 0.431725621
H -2.019408941 -2.790685415 -1.696639419
C 1.606224179 2.206452847 -0.196618572
C -0.092401400 0.330021918 0.295762897
C -0.478690296 -1.119143724 -0.127186120
H -1.113149524 0.356227398 2.239893436
H 3.082759142 3.324706078 -0.805372715
O 2.816018820 2.400697947 -0.913066447
H 1.720301986 2.511342287 0.846458912
C 1.272048593 0.710815907 -0.296094775
H 1.321538806 0.441925943 -1.349932075
O -1.238154173 -2.410324574 -2.095862865
H 0.590360999 -0.100441769 2.324983358
H -1.051504493 -1.962679029 1.822749376
C -0.125590846 0.550548077 1.815023303
H 0.447196484 -1.707055449 -0.155218348
