20

H -0.361168712 1.093181610 2.007518291
C 0.124833517 -0.672319949 -0.743896902
O -0.703246057 -1.622439623 -1.331862688
C 1.155708790 -0.400889069 1.452370167
C 0.240005404 0.696163118 -1.393636942
H -2.470457315 0.292934924 -0.952356339
H 0.927889526 1.742207170 1.004095554
H -2.277621746 1.795116782 -0.029292900
H 1.238077044 -2.228549004 0.225990608
H -0.367682815 0.864450812 -2.275179625
C -0.512946546 0.539233863 -0.082432851
C -2.016258717 0.739251435 -0.063735947
H 2.242413044 -0.928955436 -0.383448333
C 1.293887496 -1.153400421 0.099497139
C 0.298758954 0.862456739 1.163864136
H 2.113250017 -0.157370836 1.895150423
H 0.620630980 -1.036961436 2.160124302
H -2.458536148 0.253163576 0.811495483
H 1.210651994 1.192390442 -1.385226250
H -0.298188984 -1.869665146 -2.179037094
