19

H 0.174927503 -2.292503834 0.607337475
H -0.758956075 -0.591295838 -1.778360248
O 0.614409983 2.222165585 -0.647529602
H 0.045020048 0.476300299 2.124490261
H -2.372585535 0.395739377 0.479512930
H 1.566570997 0.270743161 -0.308584332
C -0.602070808 1.531372428 -0.996695757
O 1.584271908 -2.366661787 -0.814028382
H -0.741644800 2.758816957 0.900712252
H -1.592209697 -1.183418393 0.721850693
H 1.757160664 -1.716956019 1.147423506
C 1.044569135 -1.696898222 0.308696032
C -0.317749053 1.906640768 0.394049764
C 0.671865761 -0.239285693 0.010881720
C -0.169386193 0.534544766 1.055411696
C -1.429009557 -0.156295657 0.420363396
H -1.277696371 2.048063517 -1.660704255
H 2.384794712 -1.890116334 -1.080790401
C -0.582282722 -0.010954828 -0.884036899
