19

H 0.113165431 1.195801616 1.671228051
H -0.843697190 -1.950384140 -0.282665908
H -2.801320314 -0.454470366 -0.276785433
H -2.347344875 -0.843349338 1.377204418
C 0.622543275 -0.669481754 0.705167472
C -2.025053501 -0.323962331 0.472537011
C -0.713268220 -0.894924104 -0.041464560
H -1.952758908 0.731335640 0.691504717
O 2.032911062 0.577928364 2.204368830
H 1.194072843 -1.571786165 0.909964919
C -0.010067988 -0.165716633 -1.143079042
C 0.692582786 0.287203193 1.884457231
H 0.390817136 1.216007590 -3.901309729
N -0.332956731 0.219788849 -2.328149557
N 0.604711235 0.850261271 -3.015007973
H 1.503139853 1.031433105 -2.622613668
H 2.455315113 0.944041908 1.429945588
O 1.170591354 0.005197193 -0.498859644
H 0.246617541 -0.184923515 2.763557196
