23

H -1.727769613 0.096650489 0.875096202
H -2.174717426 -2.047842741 -1.271855116
H 1.820405960 -0.442297131 -0.675849080
H -0.574355662 -1.997679591 1.467093349
H 0.144818291 -2.082695484 -0.146163940
H 0.636810660 2.622552395 0.803396344
C -0.770722032 0.389902592 -1.017741680
C 0.429865509 1.175259829 -0.500636935
H 3.161450624 1.516633511 0.067123219
H -1.534170628 1.093074918 -1.369211316
H -0.457326055 -0.216520503 -1.883539796
H 0.935766578 1.674183369 -1.340389371
H 2.285809517 1.527964711 1.632527947
O -0.086742185 2.127382755 0.412469625
C -2.493369579 -1.379821777 -0.464107931
O 0.837219298 -0.597905934 1.130712986
H -2.913584948 -2.018761396 0.326528490
H -3.316796541 -0.774953783 -0.853089154
C -0.220161229 -1.392311096 0.626317859
C 1.442072272 0.208039314 0.140348613
C -1.350095987 -0.530795753 0.061981950
H 3.307077885 0.151034236 1.191464186
C 2.618515015 0.898907125 0.787523985
